11 5 8 14 11 7 2 16 19 4 15 5 2 19 3 5 8 20 18 14 20 19 1 9 4 18 17 1 7 4 17 8 20 13 3 9 9 7 7 6 18 18
17 2 20 20 15 7 0 15 0 16 16 17 7 6 15 9 8 16 19 8 18 13 4 18 15 9 4 18 11 6 12 19 3 3 2 15 8 16 15 4 18 20 19 7 5 4 15 3 6 13 9 9 0 20 16 11 2 15 3
0 19 3 9 7 9 9 4 17 1 1 6 18 16 11 7 6 15 1 9 3 2 16 15 9 1 8 17 6 11 1 9 0 17 5 2 16 15 1 0 12 12 14 11 6 20 17 2 17 3 9 4 20 18 20 14 20
12 13 1 6 11 0 14 14 20 16 15 9 1 4 14 11 1 3 8 17 3 1 1 6 19 2 17 6 16 16 11 6 11 6 19 6 15 8 20 14 17 2 11 8 15 9 1 0 20 16 11 0 15 0 18 20 11
4 20 13 5 6 15 0 15 5 9 3 6 17 7 9 8 19 3 3 0 13 1 7 4 13 3 4 16 20 19 8 14 18 17 6 11 3 5 8 12 18 18 20 11 5 4 17 5 3 2 11 1 8 20 19 9 7 3 6 12 12 19 3 8
15 0 12 14 11 5 7 3 9 6 15 8 12 11 8 12 19 4 19 2 11 6 15 3 3 3 4 13 9 0 15 5 4 12 18 13 0 20 11 7 6 19 9 2 13 8 16 17 0 17 7 6
6 11 7 7 8 11 2 14 15 7 7 1 8 15 3 0 14 14 15 7 5 8 13 9 8 11 3 9 1 4 15 6 14 18 16 14 15 4 13 5 4 13 1 0 18
6 17 6 14 11 7 7 4 13 7 9 5 3 0 18 19 2 17 7 7 2 17 0 19 5 5 2 12 17 8 20 16 14 19
8 16 13 7 1 3 9 0 19 4 19 4 18 13 6 14 17 9 7 1 9 1 7 4 11 6 19 1 3 5 9 1 2 17 4 20 11 3 3 4 12 17 2 11 0 17 8 18 14 18 20 17 3 1 4
10 17 9 2 17 6 12 20 20 15 9 1 4 13 0 13 7 6 12 14 20 12 17 1 5 9 1 4 15 6 12 14 17 7 6 20 18 18 16 17 9
