# Training Data Samples for: even_greater_than_10
# 50 sample sequences (original integer values before encoding)
# Format: space-separated integers, one sequence per line

17 0 16 19 9 8 19 7 1 9 1 7 7 4 16 19 1 5 1 3 4 19 6 18 20 14 13 2 18 13 9 5 2 19 3 9 0 20 13 2 15 2 15 8 14 13 9 1 4 15 5 1 6 20
16 14 14 18 15 2 17 5 2 11 8 13 8 11 6 14 12 16 20 14 12 19 3 1 8 14 13 6 16 16 12 14 17 5 9 1 8 17 1 2 15 9 9 3 2 20 11 2 15 9 9 9 3 5 7 9 0 19 1 4 11 4
2 20 17 8 15 2 20 14 17 7 8 13 7 6 14 16 16 17 6 12 12 16 14 16 14 15 6 11 5 7 8 19 4 13 0 19 1 0 17 8 11 7 8 15 7 4
8 17 3 1 6 14 17 3 8 14 11 5 0 12 11 5 5 4 19 3 4 14 13 2 15 0 18 19 1 3 8 11 3 4 16 11 3 7
7 0 13 7 9 7 6 16 18 15 0 16 13 3 0 17 9 0 11 6 19 4 20 13 6 13 7 3 1 2 12 20 12 12 20 19 8 20 13 4 20 18 16 13 9 8 20 16 11 7 1 4
14 19 4 13 2 12 19 1 2 17 4 17 6 14 11 5 4 16 11 7 7 0 20 18 19 3 0 15 0 20 14 13 9 8 13 4 11 9 2 16 14 13 9 0 20
10 12 15 0 17 3 5 6 16 13 0 18 19 0 19 8 20 18 18 14 12 18 16 19 9 7 8 16 18 11 8 12 20 14 19 4 13 1 2 13 1 6 18
15 4 20 17 0 16 13 0 18 11 5 1 2 19 0 12 13 0 17 7 5 2 13 5 8 18 14 20 19 7 9 7 0 13 9 6 16 16 19
1 1 7 5 1 8 16 12 16 11 7 3 7 1 3 0 13 9 9 9 1 4 19 5 5 0 17 3 1 1 2 17 6 19 5
16 13 3 8 14 12 14 16 16 13 0 14 11 1 1 9 4 13 3 9 1 7 8 11 7 6 12 18 16 15 2 13 9 3 8 18 11 6 18 20 16 19 5 7 4 16 20 17 3 9 1 7 4 18 18 16 16 18
15 6 13 7 8 12 11 5 3 7 7 8 11 8 19 0 11 0 19 7 7 7 4 18 16 17 5 0 14 18 18 20 13 2 19 4
7 6 19 3 3 3 4 17 3 6 11 9 0 14 15 8 14 15 6 17 1 5 9 2 15 8 20 12 12 17 2 15 9 5 8 11 2 17 1 9 5 2 17 5 4 20 20 15 9 4 20 19 0 20 13 5 6 16 19
14 14 19 6 19 2 16 19 5 4 13 9 0 16 11 3 1 7 3 7 3 5 4 19 9 2 20 13 7 0 16 17 2 18 19 8 13 6 14 19 5 5 8 16 12 12 19 1 7 1 2 15 7 2 12 16
10 11 7 9 2 12 15 6 13 4 11 2 18 14 12 20 19 7 2 20 20 19 4 19 3 0 14 18 15 1 3 3 5 0 14 17 8 12 20 11 6 19 0 18 16 16 14 16 12 18 12 18 15 1 6
11 4 15 0 17 1 1 4 19 8 17 0 14 17 8 16 16 16 11 0 13 6 17 8 15 2 19 1 1 5 2 17 4 16 18 19 9 7 1 1 2 11 2
0 20 18 14 12 15 3 3 1 6 20 18 17 4 17 6 20 17 7 3 2 17 5 5 0 18 17 6 14 20 18 15 1 8 13 2 13 5 5 5 2 15 0 11 8 13 6 13 1 4 19 7 9 0 11 4 20 12 18 11 2 15
14 20 19 6 14 16 13 0 12 17 3 7 4 19 2 16 17 2 15 7 6 11 9 8 18 18 20 17 3 0 19 8 16 18 15
1 0 14 19 3 9 1 7 2 17 8 13 9 5 0 20 11 4 16 19 5 1 1 7 9 1 3 2 13 1 3 1 8 19 5 2 14 13 7 1 8 15 8 11 4 15 1 6 19 8 20 16 17 4 12 20 13 4 17
12 14 15 3 4 15 9 8 17 6 15 6 14 20 15 3 3 4 13 4 16 17 0 12 14 13 7 9 0 16 20 11 6 17 2
8 16 16 14 11 3 4 20 13 3 2 15 4 11 0 18 12 18 19 2 14 12 18 11 3 0 19 6 14 13 1 5 4 13 8 13 0 19 0
3 7 7 4 13 6 18 17 3 2 15 5 3 0 19 0 19 6 14 17 3 3 2 12 16 16 18 18 15 8 15 0 18 15 3 9 7 6 17 8 16 20 14 11 9 3 2 19
19 6 18 17 1 6 17 3 5 5 9 6 14 16 18 13 9 3 8 13 2 15 0 15 6 18 20 11 1 2 19 1 0 16 20 13 1 7 3 0 13 5 8 20
3 2 13 7 8 16 19 1 7 7 3 6 15 5 0 19 6 19 4 15 0 11 4 16 16 15 8 17 1 1 0 20 19 0 14 20 14 16 16
9 3 9 9 2 17 0 11 2 17 3 2 14 11 5 2 18 20 12 12 13 1 1 2 14 15 6 14 15 8 11 3 1 2 18 19 8 19 7
1 7 1 1 6 12 16 11 9 3 2 14 20 12 14 14 17 2 17 6 16 15 9 4 15 9 7 5 3 4 16 13 6 16 16 12 16 15 3 2 16 14 16 15 5 4 15 7
7 5 3 1 3 0 12 20 18 12 17 7 6 18 14 19 7 1 2 16 18 19 6 16 12 15 5 2 20 16 11 2 13 3 5 7 2 17 1 4 19
2 20 16 19 8 12 13 4 12 18 18 12 15 8 13 7 2 13 4 14 15 7 2 16 15 8 13 7 4 20 19 6 13 4 17 3 6 11 4 16 13 0 20 20 15 8 13 0 20 12 17 0 12 17
2 17 3 1 9 5 3 3 9 2 14 19 3 4 20 18 19 4 17 8 16 20 20 15 3 3 8 19 6 19 9 9 6 16 14 19 3 9 0 18 19 6 18 20 13 4 13
0 11 7 4 18 20 17 3 1 3 2 15 2 20 15 5 9 3 0 17 7 5 3 0 12 15 6 13 2 12 18 20 16 13 7 7 6 18 13 0 14 19 7 1 6 16 14 13 9 3 9
0 19 9 8 16 18 16 15 2 20 14 18 11 0 12 16 19 1 5 7 8 14 14 15 5 1 9 0 14 20 11 6 20 15 8 15 6 11 2 13 7 1
18 18 14 12 17 1 8 11 5 3 6 16 19 6 17 5 2 18 12 20 13 1 6 17 1 8 18 18 13 6 15 5 9 7 2 19 0 16 20
15 4 15 4 13 8 14 12 20 19 8 20 18 15 3 2 15 0 19 7 4 12 11 9 9 8 11 5 3 1 2 15 0 17 5 4 18 13
12 13 8 20 15 9 6 20 13 5 7 1 2 12 20 16 15 7 6 18 18 17 6 17 5 7 4 16 15 2 19 4 13 6 13 8 17 9 5 8 15 6 13 5 2 18 12 17 0 13 7 6 16 19 2 20 13 7 1 8
9 9 4 15 3 1 4 17 0 20 15 7 0 13 2 20 19 6 14 19 6 12 12 18 15 2 18 18 17 2 16 14 13 2 19 0 20
9 3 1 2 20 15 4 12 13 6 14 12 11 3 6 15 5 7 8 11 3 6 15 9 6 11 2 13 9 1 1 4 13 7 8 13 4 11 1 8 12 17 3 0 11 7 0 13 7 8 20 16 16 18 20 11
16 17 0 14 13 5 3 5 5 4 12 20 18 14 16 15 8 19 6 14 20 15 4 13 4 16 14 18 13 1 9 1 2 12 16 12 12 12 13 0 15 6 11 1 1 3 7 6 11 3 9 1 4 15 1 0 14 16 20
6 12 16 18 11 5 5 8 12 17 1 5 4 19 5 9 6 12 11 0 12 13 8 16 16 12 12 16 12 11 2 15 8 12 12 19 3 5 6 19 6 13 1 8 13 0 19 5 7 3 7 4 17 2
16 15 9 0 19 0 17 8 13 9 5 2 20 18 20 13 0 13 8 19 9 2 17 3 4 20 12 13 1 8 15 2 12 12 14 14 17 9 0 11 9 6 15 4 11 5 2 13 1 0 20 20 20 19 7 6 18 15 3
13 0 19 0 17 6 11 8 15 3 3 9 7 6 12 19 7 4 15 9 2 15 7 6 20 11 0 16 12 18 11 8 18 14 13 2 16 13 0 20 17 7 6 19 1 3 9 4 19 1 8
3 9 8 11 0 20 13 4 14 19 5 4 15 5 0 13 5 0 14 11 2 12 12 18 19 4 15 5 8 18 14 14 12 18 15 2 11 7 4
3 6 15 9 8 15 0 19 1 1 4 20 14 20 14 18 11 2 20 16 18 11 3 2 17 6 17 9 1 3 6 16 19 3 0 11 3 2 19 2 15 7 3 4 12 14 14 17 7 4 17 9 6 17 8 20
5 0 20 12 16 20 14 11 6 17 9 5 4 16 12 16 17 8 12 18 18 16 17 5 9 8 19 3 1 4 17 0 18 11 9 0 11 8 12 14 11 3
4 19 1 0 14 12 11 0 15 2 13 3 7 5 6 18 17 5 5 6 20 18 13 6 20 16 15 5 9 2 12 19 7 3 8 15 0 19 5 6 19 6 15 1 6 13 7 5 9 9 6 11 2 13 8 15 3
9 9 7 1 5 0 16 14 18 20 12 16 14 14 19 6 15 7 8 14 13 5 3 8 11 3 4 18 11 8 18 18 18 15 2 15 1 2 13 2 11 5 0 19 1 3 9 2 16 18 12 15 2 20 13 6 19 6 11 6 12 20
16 18 12 20 15 5 7 0 11 3 0 19 5 9 8 20 17 9 2 14 16 17 4 13 7 0 18 14 18 13 7 3 1 8 17 9 7 0 17 6 13 8 13 0 15 8 13 2 20 13
14 11 1 8 12 16 11 5 7 9 5 2 14 13 1 2 17 9 7 6 19 3 8 17 2 17 4 13 1 1 7 1 2 14 12 11 0 14 20 17 4 18
16 14 13 5 0 16 12 19 3 0 19 5 3 8 13 6 18 18 15 6 17 3 5 7 6 11 9 9 0 11 2 20 14 18 17 9 2 17 9
12 13 7 6 12 14 19 1 8 18 12 14 20 14 15 1 2 14 18 18 15 6 13 8 12 20 13 2 15 0 17 6 18 18
4 20 12 11 2 18 20 19 3 3 4 16 18 20 11 6 11 7 6 15 8 11 6 19 2 18 13 0 20 13 5 2 19 3 8 12 16 19 8 14 17 1 5 2 14 13 6 13 5 4 17 2 18 16 12 14 18 14 20 14 16 11 9 5
7 9 1 6 18 20 19 7 0 18 15 4 15 7 6 17 9 4 13 8 15 0 15 2 13 1 1 5 7 3 2 12 20 17 6 17 3 0 11 1 3 1 7 4 16 14 18 11 1 7 8 17 8 13 7 9 5 1
