E0
10 7 5 + 7 7 8 10 4 1 10 4 6 1 5 7 1 10 10 1 10 3 9 5 + 7 3 10 7 10 1 6 1 10
3 9 7 9 + 3 10 10 10 2 3 9 8 1 1 2 1 7 8 1 4 4 1 9 5 9 8 0 2 5
+ 3 7 6 5 9 5 7 4 10 10 9 8 + 10 5 10 7 + 10 10 0 9 1 2 0 10 5 10 2 3 10
7 7 7 6 5 + 10 + 2 10 5 8 4 4 10 9 1 10 + 7 6 + 9 2 0 4
10 7 7 3 7 4 4 7 6 0 10 0 10 9 10 9 9 0 9 2 10 9 5 1 10 0 7 2 10 10 6

Final
4 1 5 + 0 + 0 6 10 + 10 6 0 0 8 9 9 5 + 8 8
6 7 + 6 5 6 3 4 9 + 4 + 4 0 7 + 0 8 + 8 6 +
1 3 5 1 4 + 4 + 4 + 4 10 2 6 + 6 6 5 9 4 1 + 4 0 6 9 0 5
0 8 + 8 + 8 5 + 8 + 8 6 6 10 10 0 8 + 8 + 8 8 + 8 + 8 5 + 8 + 8 + 8 + 8 9 4 6 9 2 0 5 + 0 + 0
8 + 8 + 8 7 9 + 8 2 8 6 3 0 + 0 2 0 7 + 0 10 7 + 10 5 3 3 3 8 2 +
