5 5 5 5 5 5 5 5 5 5 5 5 5 10 5 5 5 10 5 5 10 5 5 10 5 5 10 10 18 10 5 5 11 5 5 11 5 5 5 5 5 10 5 18 10 5 5 19
4 12 4 3 1 14 19 12 1 13 16 3 16 13 12 12 14 12 13 7 19 13 12 4 0 12 12 8 12 19 2 7 19 12 14 19 11 9 10 2 7 19 13 16 3 0 7 3 0 9 19 2 7 18 8 9 18 8 12 18 13 9 18
2 15 15 15 2 15 15 2 15 2 2 15 15 0 15 15 15 15 5 2 15 5 2 15 5 0 11 5 8 5 5 2 5 5 2 5 15 2 2 5
0 11 19 0 0 3 0 2 19 8 2 0 11 15 19 0 2 2 2 2 2 2 11 2 8 15 15 0 15 15 2 2 2 11 0 15 0 10 2 19 2 15 0 2 15 11 15 2 11 15 15 8 11 2 15 15 5 8 15 2 2 15 10 2
19 19 19 3 18 19 10 18 4 10 18 19 5 18 19 10 18 0 10 10 13 18 18 13 18 18 0 18 18 2 18 18 2 20 10 8 18 5 2 18 18 8 3 18 8
6 6 1 6 1 6 1 6 6 3 6 6 6 6 6 1 6 6 4 6 6 16 20 6 19 6 20 19 6 6 19 6 6 19 6 6 18 1 3 19 6 6 3 16 6 19 1 6 19 16 1 18 3 6 12 3 3 3 9 6 11 16 4
1 16 9 1 1 7 16 1 9 12 1 9 12 16 9 9 6 12 7 19 12 7 4 12 7 1 4 7 3 6 7 1 12 9 12 4 7
19 6 3 20 19 4 3 18 3 19 18 10 3 5 3 3 18 10 1 18 10 16 20 18 3 10 18 4 18 20 4 18 5 4 18
10 18 18 5 18 10 10 18 18 18 18 10 18 20 20 20 10 18 6 18 18 6 18 10 6 10 18 6 18 10 6 18 19 20 18 18 20 18 3 6 20 18 20 20 19 20 20 3 3 20 3 20 20 18 20 3 3 3
13 0 14 8 0 9 8 8 13 14 13 12 17 8 17 17 8 8 17 8 8 17 8 8 17 2 11 17 2 8 17 2 8 13 2 2 17 0 8 7 2 2 13 0 2 14 8 2 12 8 0 14 8 2 12 17 2 14 13 2 1 17 11 9
