# Training Data Samples for: copy_modulo
# 50 sample sequences (original integer values before encoding)
# Format: space-separated integers, one sequence per line

0 20 10 0 20 10 0 20 10 0 20 10 0 20 10 0 20 10 0 20 10 0 20 10 0 20 10 0 20 10 0 20 10 0 20 10 0 20 10 0 20 10 0 20 10 0 20 10 0 20 10 0 20 10 0 20 10 0 20 10
1 19 1 1 19 1 1 19 1 1 19 1 1 19 1 1 19 1 1 19 1 1 19 1 1 19 1 1 19 1 1 19 1 1 19 1 1 19 1
0 16 11 0 16 11 0 16 11 0 16 11 0 16 11 0 16 11 0 16 11 0 16 11 0 16 11 0 16 11 0 16 11 0 16 11 0 16 11 0 16 11 0 16 11 0 16 11 0 16 11 0 16 11 0 16 11 0 16 11 0 16
17 4 2 17 4 2 17 4 2 17 4 2 17 4 2 17 4 2 17 4 2 17 4 2 17 4 2 17 4 2 17 4 2 17 4 2 17 4 2 17 4 2 17
16 17 1 16 17 1 16 17 1 16 17 1 16 17 1 16 17 1 16 17 1 16 17 1 16 17 1 16 17 1 16 17 1 16 17 1 16 17 1 16 17 1 16 17 1 16 17 1 16 17 1 16 17 1 16 17 1
10 20 6 10 20 6 10 20 6 10 20 6 10 20 6 10 20 6 10 20 6 10 20 6 10 20 6 10 20 6 10 20 6 10 20 6 10 20 6 10 20 6 10 20
0 4 3 0 4 3 0 4 3 0 4 3 0 4 3 0 4 3 0 4 3 0 4 3 0 4 3 0 4 3 0 4 3 0 4 3 0
20 14 3 20 14 3 20 14 3 20 14 3 20 14 3 20 14 3 20 14 3 20 14 3 20 14 3 20 14 3 20 14 3 20 14 3 20 14 3 20 14 3 20 14 3 20 14 3 20 14 3 20 14 3 20 14 3 20 14 3 20 14 3 20
19 20 5 19 20 5 19 20 5 19 20 5 19 20 5 19 20 5 19 20 5 19 20 5 19 20 5 19 20 5 19 20 5 19 20 5 19 20 5
15 14 11 15 14 11 15 14 11 15 14 11 15 14 11 15 14 11 15 14 11 15 14 11 15 14 11 15 14 11 15 14 11
17 15 9 17 15 9 17 15 9 17 15 9 17 15 9 17 15 9 17 15 9 17 15 9 17 15 9 17 15 9 17 15 9 17 15 9 17 15 9 17 15 9 17 15 9 17 15 9 17 15 9 17 15 9 17 15 9 17
1 6 7 1 6 7 1 6 7 1 6 7 1 6 7 1 6 7 1 6 7 1 6 7 1 6 7 1 6 7 1 6 7 1 6 7 1 6 7 1 6
6 1 17 6 1 17 6 1 17 6 1 17 6 1 17 6 1 17 6 1 17 6 1 17 6 1 17 6 1 17 6 1 17 6 1 17 6 1 17 6
4 5 20 4 5 20 4 5 20 4 5 20 4 5 20 4 5 20 4 5 20 4 5 20 4 5 20 4 5 20 4 5 20 4 5 20 4 5
18 2 0 18 2 0 18 2 0 18 2 0 18 2 0 18 2 0 18 2 0 18 2 0 18 2 0 18 2 0 18 2 0 18 2 0 18 2 0 18 2 0 18 2 0 18 2 0 18 2 0 18 2 0 18 2 0 18 2 0 18 2 0
3 13 6 3 13 6 3 13 6 3 13 6 3 13 6 3 13 6 3 13 6 3 13 6 3 13 6 3 13 6 3 13 6 3 13 6 3 13 6 3 13 6 3 13 6 3 13 6 3 13 6 3 13 6 3 13
11 11 0 11 11 0 11 11 0 11 11 0 11 11 0 11 11 0 11 11 0 11 11 0 11 11 0 11 11 0 11 11 0 11
12 13 14 12 13 14 12 13 14 12 13 14 12 13 14 12 13 14 12 13 14 12 13 14 12 13 14 12 13 14 12 13 14 12 13 14 12 13 14 12 13 14
20 0 6 20 0 6 20 0 6 20 0 6 20 0 6 20 0 6 20 0 6 20 0 6 20 0 6 20 0 6 20 0 6 20 0 6 20 0 6 20 0 6 20 0 6 20 0 6 20 0 6 20 0 6 20 0 6
2 16 7 2 16 7 2 16 7 2 16 7 2 16 7 2 16 7 2 16 7 2 16 7 2 16 7 2 16 7 2 16 7 2 16 7 2 16 7 2 16 7 2 16 7 2 16 7 2 16
7 9 15 7 9 15 7 9 15 7 9 15 7 9 15 7 9 15 7 9 15 7 9 15 7 9 15 7 9 15 7 9 15 7 9 15 7 9 15 7 9 15 7 9
4 2 11 4 2 11 4 2 11 4 2 11 4 2 11 4 2 11 4 2 11 4 2 11 4 2 11 4 2 11 4 2 11 4 2 11 4 2 11
6 12 6 6 12 6 6 12 6 6 12 6 6 12 6 6 12 6 6 12 6 6 12 6 6 12 6 6 12 6 6 12 6 6 12 6 6 12 6 6 12 6 6 12 6 6 12 6 6 12 6 6 12 6 6 12 6 6 12 6 6 12 6
16 5 0 16 5 0 16 5 0 16 5 0 16 5 0 16 5 0 16 5 0 16 5 0 16 5 0 16 5 0 16 5 0 16 5 0 16
11 18 17 11 18 17 11 18 17 11 18 17 11 18 17 11 18 17 11 18 17 11 18 17 11 18 17 11 18 17 11 18 17 11 18 17 11 18 17 11 18 17 11 18 17 11 18 17 11 18 17 11 18 17 11 18 17 11 18 17 11 18
9 0 16 9 0 16 9 0 16 9 0 16 9 0 16 9 0 16 9 0 16 9 0 16 9 0 16 9 0 16 9 0 16 9 0 16 9 0 16 9 0 16 9 0 16 9
16 19 3 16 19 3 16 19 3 16 19 3 16 19 3 16 19 3 16 19 3 16 19 3 16 19 3 16 19 3 16 19 3 16 19 3 16 19 3 16 19 3 16 19 3 16
0 6 20 0 6 20 0 6 20 0 6 20 0 6 20 0 6 20 0 6 20 0 6 20 0 6 20 0 6 20 0 6 20 0 6 20 0 6 20 0 6 20 0 6
9 16 20 9 16 20 9 16 20 9 16 20 9 16 20 9 16 20 9 16 20 9 16 20 9 16 20 9 16 20 9 16 20 9 16 20 9 16 20
14 13 20 14 13 20 14 13 20 14 13 20 14 13 20 14 13 20 14 13 20 14 13 20 14 13 20 14 13 20 14 13 20 14 13 20 14 13 20 14 13 20 14 13 20 14 13 20 14 13 20 14 13 20 14 13 20 14 13 20 14 13
4 12 19 4 12 19 4 12 19 4 12 19 4 12 19 4 12 19 4 12 19 4 12 19 4 12 19 4 12 19 4 12 19
1 20 10 1 20 10 1 20 10 1 20 10 1 20 10 1 20 10 1 20 10 1 20 10 1 20 10 1 20 10 1 20 10 1 20 10 1 20 10 1
7 3 9 7 3 9 7 3 9 7 3 9 7 3 9 7 3 9 7 3 9 7 3 9 7 3 9 7 3 9 7 3 9 7 3 9 7 3 9 7 3 9 7 3 9 7 3 9 7 3 9 7 3 9 7 3 9 7 3 9
10 20 9 10 20 9 10 20 9 10 20 9 10 20 9 10 20 9 10 20 9 10 20 9 10 20 9 10 20 9 10 20 9 10
2 6 15 2 6 15 2 6 15 2 6 15 2 6 15 2 6 15 2 6 15 2 6 15 2 6 15 2 6 15 2 6 15 2 6 15 2 6 15 2 6 15 2 6 15 2 6 15 2 6 15 2 6 15 2 6 15 2 6 15 2 6
12 13 6 12 13 6 12 13 6 12 13 6 12 13 6 12 13 6 12 13 6 12 13 6 12 13 6 12 13 6 12 13 6 12 13 6 12 13 6 12 13 6 12 13 6 12 13 6 12 13 6 12 13 6 12 13 6 12 13
6 11 9 6 11 9 6 11 9 6 11 9 6 11 9 6 11 9 6 11 9 6 11 9 6 11 9 6 11 9 6 11 9 6 11 9 6 11 9 6 11 9 6 11 9 6 11 9 6 11 9 6
18 4 20 18 4 20 18 4 20 18 4 20 18 4 20 18 4 20 18 4 20 18 4 20 18 4 20 18 4 20 18 4 20
1 20 14 1 20 14 1 20 14 1 20 14 1 20 14 1 20 14 1 20 14 1 20 14 1 20 14 1 20 14 1 20 14 1 20 14 1 20 14 1 20 14 1 20 14 1 20 14 1 20 14 1 20 14 1 20 14
11 11 3 11 11 3 11 11 3 11 11 3 11 11 3 11 11 3 11 11 3 11 11 3 11 11 3 11 11 3 11 11 3 11 11 3 11 11 3 11 11 3 11 11 3 11 11 3 11 11 3 11 11 3 11 11 3
6 17 19 6 17 19 6 17 19 6 17 19 6 17 19 6 17 19 6 17 19 6 17 19 6 17 19 6 17 19 6 17 19
3 4 13 3 4 13 3 4 13 3 4 13 3 4 13 3 4 13 3 4 13 3 4 13 3 4 13 3 4 13 3 4 13 3 4
20 15 9 20 15 9 20 15 9 20 15 9 20 15 9 20 15 9 20 15 9 20 15 9 20 15 9 20 15 9 20 15 9 20 15
0 17 2 0 17 2 0 17 2 0 17 2 0 17 2 0 17 2 0 17 2 0 17 2 0 17 2 0 17 2 0 17 2 0 17 2 0
2 11 19 2 11 19 2 11 19 2 11 19 2 11 19 2 11 19 2 11 19 2 11 19 2 11 19 2 11 19 2 11 19 2 11 19 2 11 19 2 11 19 2 11 19 2
3 5 20 3 5 20 3 5 20 3 5 20 3 5 20 3 5 20 3 5 20 3 5 20 3 5 20 3 5 20 3 5 20 3 5 20 3 5 20 3 5 20 3 5 20 3 5 20 3 5 20 3 5 20 3 5 20
19 6 1 19 6 1 19 6 1 19 6 1 19 6 1 19 6 1 19 6 1 19 6 1 19 6 1 19 6 1 19 6 1 19 6 1 19 6 1 19 6 1 19 6 1 19 6 1
20 3 3 20 3 3 20 3 3 20 3 3 20 3 3 20 3 3 20 3 3 20 3 3 20 3 3 20 3 3 20 3 3 20 3 3 20 3
19 17 20 19 17 20 19 17 20 19 17 20 19 17 20 19 17 20 19 17 20 19 17 20 19 17 20 19 17 20 19 17 20 19 17 20 19 17 20 19 17 20 19 17 20
14 14 9 14 14 9 14 14 9 14 14 9 14 14 9 14 14 9 14 14 9 14 14 9 14 14 9 14 14 9 14 14 9 14 14 9 14 14 9 14 14 9 14 14 9 14 14 9 14 14 9
