14 14 19 15 8 13 14 13 16 13 16 12 14 3 0 8 13 2 18 1 15 20 13 11 2 9 6 16 0 14 2 10 7 4 9 19 16 11 17 19 15 11 5 7 3 20 10 20 0 12
8 15 6 0 13 0 11 1 10 6 16 19 17 9 13 3 7 1 5 0 13 12 9 0 6 6 8 6 3 0 0 0 13 5 5 3 8 6 17 8 18 6 4 12 13 6 9 15 10 11 1 14 18 10 14
18 2 16 2 1 18 8 16 12 0 18 10 18 8 8 17 4 3 9 2 19 6 10 9 20 17 1 8 4 16 10 2 13 4 5 20 2
10 7 15 9 17 0 13 19 14 11 4 9 1 9 0 8 20 9 17 19 9 5 14 1 0 14 13 4 3 4 7 3 17 8 16 1 15 0 6 4 18 7 12 17 15 19 18 16 16 9
12 20 7 12 8 2 0 3 11 4 10 2 2 8 13 16 10 18 11 8 8 10 10 3 0 20 3 11 7 12 6 10 5 6 12 14 13 11 15 14 2 15 20 11 0 1 9 18 5 5 9 17 12 17
5 2 12 13 11 12 16 11 10 0 10 7 12 5 6 15 5 9 18 15 19 14 18 0 13 18 8 17 14 9 2 5 10 6
19 4 9 16 19 20 2 6 12 3 7 15 19 3 4 12 6 1 20 8 20 8 5 2 3 9 7 9 9 1 2 11 14 13 10 9 13 0 16 18 8 9 16 9 7 9 4 8 0 4 15 5 1 6 7 6
0 3 10 15 4 16 14 12 5 15 20 12 7 11 20 8 4 17 14 11 6 6 15 0 13 14 13 17 3 18 2 0 11 6 4 16 1 15 9 15 11 0
5 5 7 4 18 10 4 14 10 19 17 7 7 15 6 4 6 6 8 5 1 18 10 8 11 19 0 6 11 10 0 2 2 20 17 13 19 6
7 9 10 1 0 15 5 7 9 9 8 5 2 13 8 20 4 0 19 16 2 2 2 15 3 10 18 16 1 14 9 18 13 18 2 4 9 18 14 15 4 1 6 9
