# Training Data Samples for: two_token_parity
# 50 sample sequences (original integer values before encoding)
# Format: space-separated integers, one sequence per line

4 0 2 8 5 13 8 13 14 19 12 15 18 14 9 10 10 4 6 7 18 19 15 5 4 10 9 14 17 10 20 2 1 14 12 6 8 0 2 1 10 10 8
6 19 13 9 6 12 6 7 18 20 2 8 7 14 16 6 8 9 12 10 3 17 2 13 12 13 11 2 13 16 19 19 1 4 20 4 8
17 14 12 1 18 11 17 0 19 18 11 13 3 9 1 5 3 8 17 11 4 15 13 6 13 20 13 11 4 11 11 8 20 4 2 4 7 14 16 1 14 12 5 19 9 9 2 18 8 9 10
0 1 12 14 5 18 14 3 19 2 18 7 16 10 1 11 5 5 0 18 9 19 4 20 6 8 1 17 7 3 1 0 11 14 17 11 3 7 6 18 8 9 13 6 18 6 1 15 9 4 10 6 4 5 18 19 18 20 0 5 19 1 7
8 10 5 11 1 1 4 17 11 6 20 0 5 17 9 9 7 0 20 8 6 4 8 9 14 17 11 9 6 19 14 17 20 15 19 9 8 10 9 20 15
8 8 5 15 4 15 13 9 1 8 18 0 3 11 5 1 6 15 18 18 8 3 18 17 10 12 4 6 2 8 3 14 15 13 8 11 15 4 19 19 6 10 0 3 18
19 17 9 0 17 13 6 19 10 13 11 8 12 8 3 12 14 0 7 18 17 18 19 19 2 17 13 9 5 4 19 18 13 19
10 2 9 15 0 20 8 2 5 13 2 19 10 10 3 18 16 3 11 5 3 1 6 11 11 6 15 13 2 15 18 13 18 13 14 17 14 10 8 8 3 17 6 18 3 12 16 0 5 13 9
0 11 20 19 10 17 20 11 18 15 14 14 8 4 6 4 6 9 13 1 2 12 6 9 18 15 18 17 16 15 16 11 19 3 7 4 14 8 5 19 3 7 4 17 10 20 5
8 0 1 11 1 1 1 4 20 3 16 15 14 10 7 17 4 14 7 20 16 0 1 16 10 4 5 13 3 0 15 10 18 4 7 16 11 18
6 19 14 10 1 16 10 4 4 4 5 16 10 0 0 3 15 1 7 1 9 9 7 3 5 5 9 3 2 18 3 10 16 3 10 18 7 17 0 12 7 17 7 9 6 15
10 1 16 20 6 0 1 18 13 10 18 5 19 1 2 20 0 9 18 20 2 6 4 9 10 14 0 8 1 12 16 2 5 14
7 1 7 8 12 8 5 14 13 16 19 14 20 6 7 20 13 20 10 5 11 4 15 13 8 10 0 6 5 13 9 3 8
4 18 4 2 2 8 7 11 0 16 6 3 11 8 10 7 15 9 0 14 7 10 11 20 13 16 15 14 10 5 20 13 17 8 17 20 14 3 15 0 14 7 14 20 7
16 10 4 8 0 5 17 3 5 3 0 18 7 15 7 6 19 12 10 9 16 10 0 3 18 20 2 8 0 4 3 14 13 16 15 17 4 14 2 3 17 1 8 14 2 2
9 16 12 2 5 19 6 14 0 3 13 5 7 0 14 3 16 16 0 4 2 1 15 0 18 2 9 15 8 15 20 11 19 2 16 9 16 15 20 19 11 4 15 17 3 1 4 11 10 13 14 18 5 14 11
4 1 16 11 18 12 0 4 7 12 11 13 3 0 18 2 2 7 19 3 2 15 19 2 13 16 19 20 16 5 20 12 7 16 12 2 2 8 6 6 1 12 15
15 6 16 5 19 8 18 8 8 8 7 18 20 1 18 14 5 14 14 5 11 5 1 8 11 11 9 2 18 4 4 5 13 0 13 13 0 17 17 5 2 18 1 19 0 10 2 0 2 0 1
7 7 6 20 8 4 3 17 9 1 8 20 2 6 9 19 6 14 8 1 15 1 3 7 2 11 14 19 14 17 20 10 9 16 19 12 19 18 14 7 17 0 19 15 0 12 3 20 20 7 20 16 7 20 12 9 10
15 12 11 16 13 11 1 5 9 5 1 0 17 12 20 3 14 19 20 16 2 1 18 18 8 6 2 5 18 16 3 19 4 10 3 20 13 14 20 0 4 3
13 8 13 19 6 13 16 13 19 7 4 17 11 9 4 10 8 4 4 0 7 16 14 3 19 0 11 14 18 3 10 10 9 17 9 9 7 4 14 8 3
20 5 13 2 14 2 3 14 13 19 8 15 14 15 19 2 14 0 5 19 7 2 10 0 4 4 5 19 6 16 7 20 11 20 13 15 7 4 18 0
2 1 19 6 14 6 9 14 12 0 6 7 17 4 14 0 5 15 2 10 9 17 9 1 1 5 8 18 5 18 15 12 13
19 17 6 19 20 17 20 16 2 6 9 11 6 17 15 1 3 5 8 19 18 10 9 15 4 16 9 19 8 10 8 0 0 8 3 19 0 20 2 5 14 18 3 15 7 0
6 18 7 15 3 9 9 1 2 17 14 18 1 13 2 19 11 2 16 5 19 2 12 4 5 19 0 11 14 20 9 10 17 18 10 1 17 9 8 15 17 5 7 7 8 17 10 10 7 11 4 11 15 1 7 7 4 20 1 14 17 16
13 3 1 4 13 17 0 13 19 9 3 5 7 5 1 5 8 12 7 19 3 9 5 2 15 20 10 1 14 16 6 7 13 2 12 8 0 5 17 3 4 10 7 10 11 12 12
13 11 1 4 11 20 20 8 4 7 13 2 13 19 3 4 15 11 7 4 20 3 16 19 16 10 6 3 15 5 0 11 14 18 3 19 3 5 9 4 17 11 5 6 18 5 13 2 11 16 17 20 19 18 13 16 14
12 17 18 10 2 4 0 2 0 0 1 12 11 13 2 15 15 3 5 0 11 10 13 14 10 6 8 8 4 2 7 13 6 17 20 16 0 9 10 12 7 16 13 15 4 18 1 19 2 19 11 5 5 7 1 8 15 11 2 11
0 10 7 14 14 8 9 15 6 17 19 2 10 7 15 6 14 4 3 10 19 12 12 1 11 0 13 17 4 16 8 2 1 16 19 17 7 5 5 2 10 4 9 18 16 9 19 6 11 16 14 8 9
14 3 15 9 6 11 18 17 20 17 16 19 20 13 13 8 18 4 2 1 17 7 3 0 14 8 6 7 18 20 2 8 1 20 14 9 15 9 3 2 20 0 8
2 2 3 11 9 2 14 5 15 5 3 2 17 10 18 7 11 1 3 1 3 4 11 19 3 4 16 8 8 6 8 2 0 1 10 15 11 3 9 0 12 2 8 5 13 9 5 8 12 9 14 11 20 19 10 17 19 3
2 11 18 11 11 8 11 17 3 7 4 18 0 5 13 2 20 8 6 8 0 6 0 1 14 15 13 9 2 20 1 15 3 4 20 5 13 2 18 0 2 4 8 9 16 16 2 5 14 14 5 16 14 4 5 16 18 6 5
6 4 8 7 12 16 3 13 7 2 14 1 14 19 19 7 3 9 7 8 20 6 8 3 19 4 14 7 13 3 1 3 2 16 5 19 4 17 10 20 3 10 19 16 11 13 1 0 18 3 18
6 15 16 16 8 4 0 2 5 17 1 3 5 8 14 2 1 19 6 17 16 11 12 16 1 12 16 0 2 7 13 9 6 15 13 5 4 11 18 18 9 17 0 20 6 0 0 1 18 16 6 3 10 13 17 8 12 5 17 0 18
6 4 7 15 2 18 1 17 2 18 0 5 20 15 20 13 18 17 11 5 3 9 8 15 14 17 19 3 4 12 2 5 13 0 14 7 11 0 14 9 12 15 15 3 1 6 16 3 19 4
20 11 19 3 3 4 16 0 0 5 15 0 12 6 4 2 0 3 16 20 8 8 2 2 2 0 7 11 0 10 7 16 10 1 18 14 8 0 7 16 17 15 0 13 12 13 19 4 18 3 12 10 1 17 2 20
19 12 20 9 20 16 9 18 15 17 2 13 20 19 10 15 16 16 5 19 3 6 15 17 9 0 12 8 7 18 20 0 9 10 15 12 17 16 11 18 16 0 3 19 1 3 4 15 20 10 4 9 13 1 9 7
2 2 1 10 15 18 10 2 0 9 11 0 17 16 18 0 8 2 5 14 14 2 7 15 6 19 19 3 4 18 1 11 2 15 18 14 2 7 13 7 2 12 8 5 12 17 20 19
20 5 10 11 16 17 20 18 8 7 10 10 9 15 5 5 4 12 3 20 18 7 15 7 1 0 19 14 11 15 4 18 9 17 1 1 7 7 4 10 3 17 2 15 11 0 17 13 0 12 9 10 15 18 10 5 18 15 10
6 15 10 12 8 8 6 3 20 11 14 11 15 1 3 4 15 12 12 2 8 7 14 16 9 18 14 8 9 17 9 8 19 15 7 4 10 5 16 19 10 18 0 0 7 10 19 12 20 3 14 12 2 5 11 8 10
6 17 16 15 10 17 20 14 0 4 1 18 19 18 11 16 10 4 3 11 3 3 6 16 6 1 17 6 13 16 16 6 5 13 9 1 5 1 1 5 7 4 11 20 20 5 18
16 11 18 13 19 8 12 5 20 13 15 5 0 19 10 14 2 0 2 7 14 16 9 16 15 16 17 20 19 16 19 15 4 20 5 10 13 15 9 3 5 9 5 7 2 11 18
13 1 8 10 6 0 6 2 2 4 0 2 3 13 4 11 10 16 9 16 14 1 16 12 5 15 8 13 13 7 5 5 7 6 10 7 12 20 8 0 4 0 2 7 12 14 9 15 9 7 3 8 13 15 6 14 2
18 9 17 9 6 20 7 18 20 2 5 11 5 1 6 16 6 2 4 1 12 14 3 13 3 2 11 12 20 0 6 9 15 2
20 14 3 20 20 1 18 15 14 19 13 5 0 13 18 15 11 4 20 1 11 0 20 9 11 8 20 0 2 1 18 13 10 17 20 15 11 8 19 20 11 15 0 12 6 8 1 15 6 16 3 14 11 17 3 2 10 2 6 6 9 15 5 7
20 3 11 3 8 15 12 13 17 7 4 10 1 17 0 13 16 12 8 4 3 16 11 13 7 4 13 18 19 11 3 1 5 7 2 19 15 9 4 11 19 1 8 14 8 2 7 13 7 7 4 18
19 1 2 16 8 5 19 3 7 7 4 20 9 19 1 8 16 0 5 18 10 1 18 16 3 20 11 17 6 19 19 8 10 9 15
10 0 5 19 7 7 4 20 0 3 19 2 14 0 5 20 14 8 5 10 18 0 9 19 3 0 11 11 6 12 3 19 9 0 11 12 13 17 1 0 18 9 11 7 2 15 11 4 18 3 11 4 13 16 14 0
19 1 3 0 18 2 1 19 7 9 6 17 17 6 13 12 13 17 7 7 8 18 5 16 19 19 0 19 16 16 6 4 1 15 9 7 3 3 2 16 1 15 0 18 9 19
6 2 9 15 6 15 17 0 15 14 12 5 10 14 1 14 16 4 1 18 15 14 13 18 13 14 13 15 1 0 13 16 11 20 19 10
