E0
10 7 5 + 7 7 8 10 4 1 10 4 6 1 5 7 1 10 10 1 10 3 9 5 + 7 3 10 7 10 1 6 1 10
3 9 7 9 + 3 10 10 10 2 3 9 8 1 1 2 1 7 8 1 4 4 1 9 5 9 8 0 2 5
+ 3 7 6 5 9 5 7 4 10 10 9 8 + 10 5 10 7 + 10 10 0 9 1 2 0 10 5 10 2 3 10
7 7 7 6 5 + 10 + 2 10 5 8 4 4 10 9 1 10 + 7 6 + 9 2 0 4
10 7 7 3 7 4 4 7 6 0 10 0 10 9 10 9 9 0 9 2 10 9 5 1 10 0 7 2 10 10 6

Final
10 5 + 10 0 6 1 10 6 + 6 8 10 + 10 2 + 2 10 7 9 0 9 3 + 0 + 0 8
2 + 2 9 9 3 1 1 0 + 0 + 0 + 0 9 + 0 2 2 6 3 + 6 5 7 10 4 1 6 8 + 8 6 1 9 7 9 + 6 10 + 10 + 10 2 1
7 + 4 + 4 + 4 + 4 3 9 5 8 + 8 + 8 9 + 8 9 5 0 8 + 8 + 8 + 8 + 8 + 8
2 8 1 3 8 3 2 0 10 6 10 + 10 + 10 1 1 5 6 3 10 3 1 + 10 7 0 + 0 5 + 0 9 2
4 + 4 + 4 7 + 4 + 4 + 4 2 2 0 + 0 0 + 0 4 8 0 3 + 0 + 0 5 0 6 6 + 6 6 10 9 10 8 + 8 + 8 +
