13 + 13 + 13 18 + 20 10 13 18 19 + 6 6 7 20 13 2 11 + 12 2 14 19
14 10 + 15 8 10 + 15 + 17 9 9 6 0 17 8 + 18 20 17 5 7 + 17 17 3 20 1 4 12 + 17 4 17 11
17 + 20 + 3 9 8 + 15 19 9 2 11 9 1 7 17 17 + 11 4 15 3 10 19 0 16 1 + 14
0 20 12 9 + 16 + 11 11 19 19 + 13 19 8 + 14 15 + 13 20 2 19 5 + 15 7 + 20 15 + 12 + 18 + 16 13 13 11 + 1 13 + 15
17 15 11 15 2 3 + 16 18 15 + 15 16 2 7 19 20 + 19 4 + 11 + 19 4 12 13 4 13 15 + 14 15 7 13 4 + 14 0 + 14 +
19 + 20 14 + 18 3 1 13 + 9 + 17 18 + 19 + 12 0 10 8 11 9 8 + 19 + 19 11 + 11 + 14 + 5 + 4 + 20 8 9 7 5 1 10 12 7 + 14
11 13 8 + 17 11 6 20 4 + 18 8 19 6 + 20 11 + 13 + 18 20 + 14 + 12 8 9 16 6 11 19 13 + 19 + 19 15 7 9 8 20 17 18
2 19 10 + 19 11 + 18 15 6 18 3 12 + 20 7 + 17 + 14 19 0 + 20 + 12 15 + 17 19 7 7 7 + 19 7 3 0 + 12 18 18 + 19 19 8 8 11 18
16 1 2 5 + 15 3 18 8 1 11 + 19 19 12 + 18 6 19 + 20 + 20 + 14 + 7 19 14 17 1 5 2 20 + 16 0 20
12 7 16 6 19 14 + 18 + 7 4 16 + 7 + 12 12 + 16 + 20 + 16 12 + 18 1 7 + 20 + 9 + 5 + 16 6 6 12 3 10 18 14 12 +
