# Training Data Samples for: plus_means_even
# 50 sample sequences (original integer values before encoding)
# Format: space-separated integers, one sequence per line

10 8 11 + 11 6 + 11 + 11 10 14 1 + 14 + 14 + 14 16 8 19 5 13 5 + 13 + 13 13 20 6 + 20 4 7 0 15 11 + 15 1 12 0
8 13 5 + 13 + 13 10 + 13 + 13 + 13 20 14 18 + 18 0 5 10 + 10 1 11 7 13 20 12 + 20 20 17 17 0 + 17 8 12 5 + 12 4
4 6 + 6 4 18 + 18 11 + 18 4 12 2 4 13 + 13 + 13 3 + 13 18 18 3 + 18 0 19 4 10 20 0 + 20 8 17 13
13 7 + 13 15 18 19 4 + 19 4 + 19 9 + 19 + 19 + 19 15 0 11 + 11 11 6 12 3 + 12 + 12 10 2 4 4 20 13 9 + 13 5 + 13 14 2 17 + 17
6 2 6 + 6 11 8 9 13 12 + 13 8 13 + 13 3 + 13 2 6 9 13 15 12
3 17 2 5 8 1 13 8 11 8 2 + 8 16 8 11 5 10 + 10 + 10 6 8 0 11 + 11 + 11 10 2 + 10 + 10 16
1 19 + 19 13 6 + 13 3 6 + 6 + 6 + 6 + 6 + 6 6 3 + 6 +
9 19 16 12 + 16 5 18 11 + 18 1 20 6 + 20 8 1 19 19 5 + 19 + 19 9 + 19 1 + 19
16 16 17 20 12 3 19 10 3 5 9 5 + 9 13 13 17 18 13 13 19 3 + 19 + 19 10 + 19 11 3 16 17 6 2 + 6 10 19 16 19 8 9 5 + 9 11
4 7 14 5 14 + 14 7 2 + 7 2 18 6 10 5 7 11 0 + 11 3 0 + 3 14 5
9 4 1 4 18 + 18 18 0 + 18 5 17 16 13 2 + 13 5 + 13 6 9 + 9
1 14 17 10 9 + 10 7 8 20 + 20 + 20 1 5 20 17 8 10 6 2 1 6 + 6 2 18 + 18 17 + 18 15 + 18 + 18 19 3 0 + 3 + 3 13 4 10 12
18 18 + 18 3 0 6 + 6 + 6 2 7 + 7 + 7 20 2 7 + 7 13 1 5 11 5 + 11 20
15 15 3 15 19 12 3 + 12 17 17 6 + 17 14 17 14 12 18 + 18 12 + 18 17 1 0 17 +
0 10 + 10 17 19 17 17 13 0 14 6 0 18 3 + 18 + 18 + 18 20 19 + 20 9 4 2 19 + 19 18 13 18 13 14 16 + 16 +
15 12 9 + 12 17 + 17 12 + 17 + 17 4 4 8 2 2 + 2 13 6 18 + 18 + 18 6 20 16 9 18 + 18 20 18 8 + 18 19 + 19 18 12 + 18 14
1 11 6 9 + 9 15 1 15 19 12 16 9 9 + 9 18 + 18 + 18 14
1 12 + 12 + 12 11 9 + 11 2 + 11 8 + 11 10 3 + 10 + 10
19 15 + 19 15 + 19 16 3 13 15 0 13 13 16 1 18 0 2 9 + 9 2 0 9 14 19 + 19 + 19 3 2 + 3 + 3 18 + 18
4 17 7 13 20 15 20 + 20 + 20 11 20 6 + 20 17 13 18 16 1 18 + 18 + 18 + 18
10 8 + 10 4 + 10 + 10 + 10 6 10 20 + 20 14 3 + 14 4 8 15
1 3 + 3 + 3 9 3 + 9 5 + 9 + 9 + 9 4 9 15 18 4 15
8 13 + 13 + 13 + 13 0 18 18 + 18 + 18 + 18 18 + 18 + 18 + 18 19 + 19 6 0 + 6 0 16 + 16 15 20 19
4 4 5 10 3 8 1 13 + 13 11 + 13 14 15 + 15 + 15 + 15 +
18 13 16 16 8 4 5 + 5 + 5 + 5 + 5 11 + 11 16 7 0 15 + 15 3 7 11 6 12 8 12 19 13 18 2 20 + 20 + 20 19
16 6 + 16 18 1 13 + 13 13 5 8 2 7 + 7 14 6 + 14 5 + 14 9 19 18 0 16 + 16 13 + 16 + 16 15 8
13 17 + 17 6 + 17 15 10 + 15 0 5 6 13 + 13 + 13 6 + 13 + 13 + 13 14 + 14 0 0 17 20 11 + 20 9 + 20 5 +
15 14 + 15 16 17 8 + 17 20 + 20 + 20 13 0 3 10 + 10 20 15 15 18 9 3 1 19 6 8 15 1 17 + 17 10 + 17
1 10 2 20 6 + 20 + 20 + 20 0 + 20 12 17 5 + 17 11 + 17 + 17 0 9 5 20 8 + 20 + 20 1 3 15 7 3 2 + 3 0 10 +
4 10 12 13 9 18 9 5 14 0 + 14 + 14 + 14 11 + 14 4 2 + 4
8 9 20 + 20 1 + 20 4 + 20 15 + 20 18 6 13 7 20 10 12 7 11 12 20 13 + 20 4 1 8 + 8 18 + 18 + 18 18 7 6
18 1 12 4 18 + 18 8 9 19 18 18 4 + 18 16 0 + 16 5 3 + 5 0 0 14 9 + 14 + 14 16
4 16 + 16 + 16 8 19 10 13 0 + 13 20 17 + 20 20 + 20
7 4 + 7 3 15 + 15 16 3 0 + 3 9 13 18 3 20 + 20 2 2 6 0 11 6 7 15 15 4 9 + 9 18 8 3 1 16 + 16 + 16
2 11 18 + 18 20 12 4 + 12 5 7 16 20 13 + 20 + 20 + 20 + 20 17 2 11 8 0 + 8 2 6 + 6 2 + 6 19 5 14 + 14 6
7 19 9 16 + 16 6 11 7 + 11 9 17 18 0 + 18 4 4 + 4 6 15 + 15 9 + 15 6 17 2
15 3 4 19 + 19 0 + 19 5 + 19 + 19 13 11 + 13 + 13 5 11 1
14 15 20 0 8 15 13 12 2 1 4 0 1 + 1 13 10 + 13 9 7 19 8
11 9 3 13 14 2 + 14 + 14 19 + 19 + 19 15 13 10 + 13 3 5 9 + 9 4 1 + 4 4 3 18 12 16 2 6 16
2 20 9 6 18 1 4 19 + 19 13 + 19 2 3 + 3 0 11 0 + 11 5 + 11 + 11 + 11 3 4 18 6 + 18 3 + 18 20 +
2 1 + 2 20 1 11 8 5 + 8 20 14 + 20 4 + 20 + 20 20 20 3 18 13 17 + 17 + 17 + 17 + 17 17 7 15 10 + 15 + 15 19 + 19 11
14 19 10 3 5 + 5 7 + 7 14 10 20 19 + 20 6 15 14 4 9 15 7 7 16 5 4 17 2 15 + 15
6 2 0 + 2 4 18 15 1 + 15 14 13 3 + 13 5 17 + 17 15 + 17 20 2 3 15 17 11 18 +
7 4 11 5 15 + 15 + 15 10 3 12 + 12 3 10 17 7 5 + 7 10 2 17
11 13 6 4 9 13 + 13 14 14 + 14 16 14 20 3 12 19 3 13 0 17 4 6 + 6 5 19 8 + 19 + 19 5 7 + 7 18 11 +
7 8 11 15 6 20 6 17 + 17 + 17 + 17 + 17 16 5 + 16 + 16 + 16 14 10 + 14 12 + 14 + 14 15 17 1 + 17 + 17 + 17 1 15
1 11 + 11 3 + 11 17 + 17 12 14 + 14 3 16 11 + 16 + 16 + 16 19 + 19 5 15 + 15 14 14 8 6 5 17 14 9 + 14 9 + 14 10 + 14 18 7 7 +
7 13 20 16 13 + 16 20 13 12 20 15 3 20 13 16 + 16 19 14 17 2 11 8 2 13 + 13 15 0 + 15 2 5 20 18 + 20 16 + 20 6 8 3 7 7
8 14 16 3 14 + 14 11 3 3 + 3 17 12 2 3 + 3 18 4 19 9 11 9 14 9 20 3 8 10 16 3 8 13 15 + 15 15 18 1 1
4 7 1 16 15 0 17 13 9 + 13 16 17 0 20 19 9 + 19 14 18 + 18 18 +
