1 5 16 3 5 2 9 17 3 17 14 11 15 9 17 12 14 14 + 8 + 16 + 16 1 14 10 19 11 8 2 6 9 + 19 + 19 11 1 15 15 1 19 + 19
16 + 16 17 1 14 + 20 12 + 20 + 20 19 + 19 4 + 19 13 + 19 + 19 8 5 17 10 19 16 6 6 + 20 + 20 + 20 3 + 20 1 2 6 + 18 3
19 15 14 0 10 20 11 + 18 12 + 18 + 18 8 6 19 11 0 9 0 10 +
16 + 16 17 + 20 + 20 + 14 10 + 17 19 4 6 4 4 + 20 + 18 + 18 6 6 0 5 + 20 10 + 20 17 20 + 15 + 13 +
11 + 14 2 4 14 4 13 + 18 1 0 3 19 12 + 18 6 + 18 + 20 + 18 10 16 11 + 16 + 16 6 8 10 16 + 16 + 16 1 1 +
6 10 + 10 14 0 5 8 + 7 14 + 12 + 16 + 16 + 16 + 20 13 + 20 + 17 10 + 10 8 18 +
10 20 + 20 18 15 7 + 17 + 20 7 + 12 11 5 7 19 8 12 + 18 18 + 18 8
9 3 20 + 20 11 + 20 6 12 14 12 9 + 13 5 + 19 + 19 5 + 18 8
10 0 + 10 5 + 12 + 4 + 6 2 14 + 17 11 + 8 8 18 + 20 + 20 9 16 12 6 12 + 4 11 + 18 7 2 19 13 20 2 + 20
6 + 20 1 + 20 7 + 20 12 + 20 6 5 + 4 14 0 14 +
