# Training Data Samples for: plus_max_of_two
# 50 sample sequences (original integer values before encoding)
# Format: space-separated integers, one sequence per line

9 1 7 19 16 17 19 18 + 19 + 19 18 15 16 11 16 + 16 + 16 16 5 7 10 2 + 10 + 10
5 11 0 + 11 + 11 + 11 3 2 9 10 19 9 7 10 0 11 13 + 13 + 13 20 14 18 7 11 17 + 17 20 17 10
7 5 16 + 16 7 + 16 15 13 9 5 15 + 15 18 6 + 18 8 16 + 16 20
15 8 16 4 18 + 18 4 3 7 15 8 + 15 + 15 0 + 15 16 10 + 16 16 13
9 18 8 + 18 + 18 16 19 + 19 + 19 + 19 14 3 13 + 13 14 17 16 11 13 18 + 18 17 9 4 2 20 + 20 + 20 10 20 + 20 + 20 + 20 +
16 9 5 16 7 5 14 7 16 15 7 2 + 7 + 7 8 4 19 0 4 + 4 18 6 + 18 11 19 2 1 18 7 16 8 + 16 14 + 16 18 1 + 18
12 10 7 17 12 7 + 12 + 12 + 12 15 15 2 1 3 20 12 2 4 12 7 1 + 7 0 3 + 3 + 3 5 + 5 9
7 9 17 6 2 13 0 6 11 + 11 + 11 + 11 + 11 11 8 10 12 20 + 20 8 18 18 3 5 16 + 16 17 8 20 6
13 10 10 + 10 19 + 19 9 6 11 1 4 10 6 + 10 9 16 19 5 5 + 5 9 11 4 + 11 15 + 15 13 + 15 5 14 + 14 11 6 0 10 8 +
20 11 20 + 20 16 5 + 16 + 16 15 9 0 12 16 15 13 15 5 1 14 + 14 6 16 2 + 16 + 16 9 + 16 + 16 2 0 + 2 18 4 8 18 3 + 18 + 18
2 14 + 14 17 12 18 + 18 + 18 15 7 1 + 7 8 + 8 8 2 10 14 15 18 + 18 10 0 14 + 14 + 14 3 + 14 15 11 9 20 0 1 19 1 10 9 2 12 0
1 15 7 0 5 19 6 13 3 12 19 18 20 0 12 8 7 + 8 + 8 + 8 19 + 19 5 + 19 8
5 + 5 2 + 5 + 5 + 5 9 + 9 12 9 7 + 9 7 2 14 4 + 14 8 10 3 16 18 7 + 18 + 18 16 11 11 15 3 16 12 + 16 12 8 + 12 + 12
18 20 0 + 20 20 7 + 20 6 7 3 17 8 + 17 18 4 + 18 + 18 3 + 18 + 18 9 5 + 9 17 10 7
0 + 0 10 4 15 18 8 3 13 1 + 13 8 1 3 6 + 6 19 8 19 14 + 19 + 19
18 20 2 4 3 2 5 5 + 5 + 5 0 11 13 + 13 + 13 16 20 15 12 14 18 7 + 18 + 18 + 18 + 18 16 8 17 4 6 + 6 2 1 + 2 + 2 14 20
10 18 7 13 7 12 3 16 11 18 19 15 20 5 14 18 + 18 + 18 + 18 + 18 + 18 16 6 + 16 7 13 16 5 1 + 5 + 5 10 6 12 17 +
11 5 12 15 7 + 15 13 0 + 13 + 13 7 4 6 5 12 14 16 + 16 + 16 + 16 6 + 16 + 16 7 + 16 2 + 16 20 11 1 + 11 7 + 11 16
13 + 13 9 0 3 10 + 10 5 + 10 19 19 1 5 19 + 19 12 + 19 18 12 + 18 9 4 17
17 17 11 + 17 20 20 15 18 16 20 20 + 20 6 7 0 2 12 3 + 12 10 + 12 2 7 8 15 + 15 19 0 12 12 8 3 10 +
8 20 + 20 7 1 1 14 7 + 14 + 14 0 14 10 18 17 1 8 19 20 17 9 + 17 7 13 2 6
14 15 + 15 16 19 13 + 19 + 19 + 19 9 2 1 6 16 16 1 14 8 17 + 17 7 9 + 9 + 9 + 9 20 + 20 + 20 3 6 13 + 13 18 2 11 10
15 2 7 + 7 15 10 12 + 12 + 12 + 12 17 12 4 + 12 16 + 16 1 18 12 4 8 15 5 9 2 + 9 + 9 11 + 11 + 11 14 9 18 13 18 9 4 1 5 +
12 17 0 + 17 8 14 + 14 + 14 12 5 0 16 10 1 + 10 4 + 10 + 10 18 4 13 + 13 19 0 19 + 19 1 20 + 20 10 14 7 4 + 7 + 7 19 0
10 + 10 + 10 20 + 20 + 20 3 7 + 7 + 7 3 + 7 15 9 + 15 + 15 6 12 + 12 4 13 17 + 17 + 17
12 20 6 + 20 17 8 0 9 + 9 19 20 + 20 19 11 8 + 11 20 +
4 19 0 + 19 + 19 15 10 19 13 5 2 17 19 15 16 + 16 +
12 11 12 10 16 + 16 + 16 3 + 16 11 + 16 0 15 + 15 + 15 3 10 15 + 15 6
9 10 + 10 + 10 11 2 2 11 16 20 + 20 3 13 13 15 17 19 1 0 10 + 10 13 8 18 4 + 18 4 2 + 4 15 4 + 15 14 0 11 3 +
3 5 3 7 0 10 + 10 7 5 14 18 + 18 + 18 0 + 18 19 + 19 3 + 19
3 + 3 5 10 14 19 15 17 13 3 + 13 13 + 13 2 + 13 + 13 15 16 10 10 18 + 18 11 5 + 11 0 + 11 + 11 4 14 5 10 8
19 11 4 18 15 + 18 17 12 4 + 12 9 + 12 0 10 8 16 15 19 14 + 19 + 19 6 12 7 12 20 2 + 20 20 0 8 + 8 0 10 +
16 19 + 19 8 18 5 + 18 + 18 13 + 18 7 + 18 6 20 + 20 15 +
14 + 14 15 + 15 1 7 + 7 3 9 + 9 0 + 9 1 + 9 5 18 3 + 18 14 20 2 +
12 + 12 4 + 12 0 + 12 4 7 + 7 0 + 7 + 7 11 13 13 15 + 15 20 + 20 + 20 1 3 18 5 4 0 18 14 11 0 18 10 9 + 10 10 10 0 7 8 5
17 15 + 17 15 + 17 8 11 19 18 + 19 4 10 + 10 1 + 10 + 10 9 0 +
10 15 + 15 9 19 9 20 8 8 15 8 9 1 + 9 8 17 + 17 6 16 18 8 + 18 12 + 18
9 + 9 14 7 14 + 14 5 2 4 12 6 19 15 + 19 + 19 18 8 12 18 0 + 18 4 11 16 6 + 16 0 3 + 3 4 + 4
3 + 3 + 3 12 12 0 + 12 20 0 + 20 2 + 20 6 10 9 10
8 5 7 + 7 3 18 12 4 + 12 + 12 + 12 0 11 15 + 15 9 + 15 + 15 11 16 4 + 16 17 + 17 + 17 8 3 8 19 11 11 6 + 11 1 1 7 +
12 7 7 18 + 18 + 18 4 12 2 20 7 19 5 1 + 5 18 3 11 10 8 0 + 8 17 + 17 + 17
8 + 8 + 8 + 8 11 17 14 11 5 15 15 + 15 3 + 15 5 13 3 2 0 17 + 17 16 14 9 18 16 14 11 16 8 12 16 14 + 16 19 13 7 + 13 12 15 + 15
17 20 + 20 1 13 3 19 16 13 17 10 12 4 8 + 8 17 12 4
7 9 19 19 + 19 + 19 7 14 + 14 15 8 + 15 + 15 5 2 + 5 5 13 16 + 16 13 5 + 13 5 + 13 18 11 + 18 13 +
17 + 17 14 1 + 14 + 14 10 + 14 2 3 4 1 + 4 + 4 + 4 4 + 4 18 16 17 + 17 20 19
9 3 + 9 6 3 + 6 + 6 1 + 6 11 4 + 11 10 15 18 + 18 13
16 20 1 19 16 0 + 16 + 16 + 16 + 16 10 0 9 5 + 9 15 19 6 + 19 + 19 11 6 17 + 17 9 9 3
10 1 10 + 10 4 11 + 11 + 11 + 11 1 12 + 12 1 20 18 + 20 + 20 1 1 13 0 13 20 7 16 + 16 11 15 18 17 6 + 17 17 10 18 12 8
17 + 17 18 10 + 18 16 + 18 12 3 16 15 12 12 16 11 + 16 + 16 10 + 16 12 + 16 18 10 + 18 19 15 2 2 7 1 20 20 8
10 + 10 15 9 + 15 + 15 20 7 6 10 14 0 13 8 0 20 + 20 + 20 + 20 13 9 6 + 9 7 13 5 6 15 8 + 15 + 15 12 18 + 18 +
