7 9 6 12 6 0 4 5 15 2 12 2 8 0 1 16 11 12 13 17 7 2 20 8 6 1 10 16 1 19 2 19 20 17 20 17 11 3 1 0 19 11 5 4 13 20 17 20 15 16 10 9 14 10
17 12 19 17 2 14 7 10 17 12 14 0 4 4 0 7 20 14 5 14 15 13 8 16 11 10 20 6 3 16 12 4 9 20 19 12 13 13 1 6 11 16 16 0 0 6 8 0 6 2 2 2 8 1 14 14 1 15 9 8 12 3
4 18 6 0 8 1 17 3 9 6 17 10 19 10 11 13 4 10 9 15 0 14 6 5 13 5 0 13 19 3 2 20 3 18 16 6 6 1 12 20
15 0 10 5 16 17 18 14 8 2 4 3 17 2 20 4 8 1 17 5 0 18 0 8 1 20 16 9 11 7 9 4 10 8 0 1 20 19 18 11 14 10 0
6 1 11 1 8 19 14 13 14 11 13 7 4 15 12 10 2 6 10 6 3 10 13 19 5 7 6 15 16 12 1 11 3 8 11 16 15
15 4 19 11 1 6 19 11 0 12 4 7 17 1 1 4 16 7 11 0 14 0 1 19 8 16 0 4 6 2 8 9 20 11 13 9 1 2 15 10 20 4 9 19 1 4 13 17 8 13 16 19 13 2 20
12 20 8 7 17 5 0 20 2 0 9 20 17 20 19 17 1 1 2 10 4 5 20 7 17 1 1 8 13 13 2 17 17 3 6 8 1 19 4 17
17 13 0 11 19 5 9 3 2 14 9 11 0 18 4 1 13 2 20 9 18 19 15 7 7 8 18 2 5 17 8 13 16 19 14 10 6 7 15 7 2 13 15 2 17 11 0 10 5 18 12 2 1 19 4
20 10 0 0 9 16 15 13 9 8 15 20 10 3 18 15 16 7 18 18 2 7 19 6 18 7 17 1 7 1 8 19 16 19 16 10 3 11 0 18 3 15 1 8 20 1 14 13 11 0 17
16 18 8 2 0 8 9 15 12 7 11 6 17 14 17 20 19 16 17 12 18 6 2 6 20 1 10 12 4 1 20 10 4 1 14 15 10 10 6 5 12 14 8 2 7 12 20 1 16 15 11 2 13 18 20 5 12 13 10 19 11 6 19
