# Training Data Samples for: paritygt10
# 50 sample sequences (original integer values before encoding)
# Format: space-separated integers, one sequence per line

13 4 11 13 2 16 1 16 16 5 17 6 13 16 14 6 9 17 9 0 19 14 18 6 7 20 16 6 1 12 11 13 2 14 1 20 13 11 5 7 7 8 14 6 9 19 4 12 3 14 10 5 10 19 15 1 1 5
3 15 4 10 8 2 9 19 2 18 6 9 12 19 20 13 17 9 2 10 5 17 0 14 6 2 9 20 20 4 0 6 6 4 6 4 3 11 0 13 13 6 15 11 1 8 20 0 0 3 12 19
10 1 14 15 20 18 3 19 0 17 10 14 9 14 10 5 12 14 0 7 10 15 10 16 3 10 13 13 4 13 15 3 9 8 12 4 7 14 15 10 16 6 4 6 5 12 10 5 12 11 11 1 0 14 0 9 13 6 12
15 4 15 19 8 12 1 19 3 3 2 12 8 7 19 4 20 0 4 4 9 13 7 6 15 12 16 2 6 3 12 19 18 16 3 10 11 19 7 1 6 16 2 5 14 14 2 1 15 0 11 16 10 4 8 9 15 5 4 16 3
20 0 5 11 3 2 10 9 16 16 5 11 1 8 11 14 10 1 11 6 13 20 20 7 20 11 10 20 2 6 8 2 9 15 8 15 10 15 12 18 7 20 13 20 11 15 2 16 9 15 4 16 0 8 8 5 20 10 8 9 11 4 19
2 2 4 1 16 17 20 11 16 19 20 13 10 12 6 7 19 8 16 2 8 5 12 10 6 3 16 11 16 18 3 13 7 2 11 19 5
12 9 18 12 0 1 15 5 7 6 10 2 5 12 19 10 19 11 9 3 8 13 19 8 18 9 11 5 7 6 17 17 9 8 13 16 13 19 3 7 9 1 8 12 3 10 12 4 6 4 7 14 17 16 20
18 17 19 1 6 14 0 5 14 11 10 13 15 0 13 10 11 19 6 13 15 6 14 1 10 20 7 14 19 14 15 12 20 0 6 0 9 12 18 9 15 1 2 15 11 6 14 6 8 5 15 7 3 2 10 8 2 3 10 16 1 12
5 6 15 15 3 7 9 2 11 20 10 0 5 17 9 7 3 0 11 15 3 5 7 0 16 8 5 14 19 18 20 2 5 10 13 13 4 16 0 1 16 12 0 0
10 14 0 1 18 20 5 18 16 3 13 8 13 18 10 1 13 7 4 11 16 11 15 9 2 18 7 10 11 16 17 10 11 10 19 19 5 0 11 12 12 3 10
17 14 18 7 17 1 6 16 0 1 20 17 18 15 10 11 11 3 8 13 17 5 5 7 9 6 10 7 20 16 8 4 0 8 4 0 8
1 2 14 4 2 5 20 20 6 3 20 17 15 7 9 0 16 4 9 10 17 19 0 16 5 18 10 2 8 1 15 8 14 6 2
18 5 13 9 6 16 0 0 9 12 18 2 2 0 8 2 9 17 3 6 12 7 14 16 2 0 6 3 11 1 7 7 3 8 15 14 15 15 3 1 7 8 11 15 6 19 19 8 11 10 17 14 10 6 3 14 12 4 4 3 13 2 16 7
6 3 11 5 8 16 7 11 0 14 3 18 18 1 20 12 3 10 18 1 15 7 7 2 17 12 15 11 5 5 8 11 13 5 9 7 6 19 14 17 14 16 2 4 8 3 15 1 2 11 15 1 1 0 17 13
16 13 12 14 7 13 4 14 1 19 1 7 5 0 16 3 17 5 8 13 13 8 13 16 14 3 14 11 20 20 1 20 10 0 3 14 16 1 17 3 3 0 12 1 19 2 12 7 19 3 8 16 0 9 20 18 5 10 11 11 8 15 11
18 2 8 4 7 12 20 0 7 13 2 13 11 6 18 3 20 12 1 12 13 13 4 15 16 12 9 18 18 3 17 0 19 13 3 8 11 14 13 14 16 2 6 4 8
13 2 12 4 0 4 8 8 3 20 19 10 20 0 6 7 18 15 18 19 18 12 4 2 0 1 11 1 9 4 15 19 0 16 6 3 17 2 15 15 3 1 6 19 12 17
0 14 7 20 14 6 1 20 19 16 16 6 6 8 1 11 3 4 10 5 16 18 2 8 6 2 6 6 1 15 6 20 0 8 8 2 5 10 13 13 4 18 4 3 11 2 17 16 18 0 8 2 3 14 16
6 19 19 4 20 4 8 7 18 18 0 1 19 7 8 13 20 16 3 11 7 1 7 0 11 19 8 15 20 12 6 8 2 7 13 4 15 11 0 19 18 10
11 20 14 7 10 20 3 12 17 15 8 19 10 13 10 12 3 13 9 9 9 6 10 4 4 7 16 15 10 19 10 16 7 19 4 17 16 16 5 17
8 9 10 10 9 12 11 13 8 17 12 18 7 12 10 2 2 1 11 3 4 17 14 10 6 9 18 10 5 11 8 12 8 5 19 0 15 17 2
18 12 9 11 0 11 16 17 20 10 6 6 3 14 19 12 13 18 13 16 14 9 11 6 20 2 0 4 0 9 17 2 16 3 12 11 20 17 16 14 1 16 14 6 9 16 13 17 0 14 7 18 16 8 4 8 4 5
11 14 17 18 20 8 2 8 2 1 12 11 12 20 0 5 19 3 3 2 17 13 8 20 0 3 15 6 16 4 3 14 17 19 2 17 19 8 18 8 8 8 3
10 18 0 0 6 3 14 19 16 10 3 17 2 18 3 13 1 4 13 13 4 20 6 3 13 5 1 9 5 2 12 8 4 8 9 20 16 4 1 12 14 2 9 16 16 0 9 10 11 11 0 12 9 13 1 2 18 8 6 1 16
6 0 5 18 20 5 13 9 6 17 11 6 12 3 19 6 11 11 3 7 3 8 16 6 5 17 8 16 1 18 13 20 19 19 9 2 16 3 16 15 16 14 2 3 11 6 16 2 5 11 6 14 5 19 3 3 3 2 10
2 13 13 4 10 8 9 19 2 13 19 9 4 10 8 7 19 2 17 19 9 7 6 15 16 19 18 11 18 18 5 19 3 8 11 20 12 8 1
4 10 8 8 9 14 14 6 0 1 20 14 1 12 13 10 11 12 14 4 5 20 16 9 13 8 17 17 1 0 13 19 8 20 7 20 14 2 9 12 16 6 8 4 9 10 14 8 7 12 18 7 20 19 11 5 2 15
15 18 12 5 17 3 4 16 5 15 0 11 17 0 14 0 2 4 2 8 3 19 8 15 12 18 5 11 7 3 1 8 14 2 9 10 13 13 4 14 2 9 14 15 20 20 3 17 8
20 18 0 2 9 16 20 9 17 8 18 7 20 18 2 8 3 18 15 19 6 14 4 5 13 8 19 16 15 13 5 4 10 1 10 17 20 12 2 5 18 16 7 10 12 7 16 12 1 20 15 13 7 2
18 17 14 16 4 0 1 13 3 8 13 20 14 0 7 19 2 19 18 17 16 10 3 10 12 3 19 1 9 6 18 8 9 13
10 2 9 13 4 17 20 11 12 17 14 19 18 16 7 14 10 9 11 5 8 17 18 19 14 18 4 5 14 15 20 14 7 15 0 11 20 14 7 17 8 12 7 18 14 9 13 2 15 18 17 18 15 20 13 17 3 5 0 10 6 4 0 6
18 12 8 7 15 2 14 4 1 20 15 15 5 9 3 5 9 2 11 16 18 4 5 16 19 13 0 17 14 13 12 20 5 17 0 16 5 18 12 4 8 0 4 7 12 20 2 1 14 10
12 14 9 14 10 3 15 1 8 10 2 3 13 4 11 14 20 7 17 2 10 1 17 6 12 6 4 6 8 6 0 0 1 16 14 8 9 16 14 0 0 3 10
2 9 17 7 6 16 0 3 12 12 8 2 0 6 0 9 16 10 8 0 1 13 9 6 12 2 2 6 1 10 15 14 14 9 17 0 19 20 15 20 14 7 20 15 13 1 1 5 7 4 13 14 18 4 3 16 14 5
15 17 6 18 3 10 15 13 1 3 4 16 9 13 4 16 9 16 10 5 12 11 13 4 20 1 15 6 19 19 6 19 17 4 10 4 4 5 20 13 11 8 19 20 16 3 13 7 8 15 12 15 13
8 0 9 18 15 20 10 4 8 2 3 16 13 17 1 2 12 6 6 4 9 17 6 11 19 3 3 3 4 14 5 12 12 4 6 9 13 3 4 16 7 12 19 19 8
18 13 19 9 4 14 1 15 0 13 18 18 1 14 13 10 14 0 1 20 19 17 5 3 3 4 11 10 17 11 7 4 11 14 12 6 9 12 13 14 10 0 7 11 6
1 4 11 15 1 3 0 19 17 5 9 5 2 13 20 13 10 17 20 13 15 6 14 7 20 15 10 11 10 17 19 2 16 4 9 16 19 10 18 8 1 15 8 16 4 9 12 16 5 20 14 5 17 6 14
9 0 18 9 12 11 17 7 9 8 14 8 4 3 14 18 2 6 8 3 16 14 3 15 6 20 1 11 3 3 6 13 20 11 15 0 18 6 9 10 13 15 1 8 13 10 19 17 9 9 2 20 0 4
13 17 4 10 7 20 20 2 0 5 13 7 7 6 13 12 17 18 18 9 14 10 7 15 4 16 5 13 8 17 16 10 2 6
15 19 2 19 14 15 12 14 6 4 7 11 8 18 7 19 6 14 7 11 3 1 8 14 5 11 1 6 20 4 4 4 3 12 10 2 2 3 14 20 1 12 13 11 1 7 4 15 13 1 6 15 12 10 1 13 6 11 13 0 19 10
0 20 0 2 7 12 19 18 14 7 15 5 7 6 11 17 5 1 5 1 4 17 15 2 18 2 8 5 11 8 18 7 18 11 10 11 17 6 10 5 19 6 12 9 13 8 13 15 4 18 9
12 9 18 20 0 6 1 15 7 0 11 10 15 19 4 14 3 14 10 9 16 10 3 13 6 15 15 1 6 16 2 9 20
6 2 8 2 8 6 4 4 7 12 18 8 7 19 2 17 10 16 7 13 2 19 17 8 13 13 8 16 9 19 1 1 5 5 5 5 9 0 20 1
11 9 6 18 9 18 11 17 0 12 3 11 6 17 12 20 4 4 8 9 17 9 7 4 20 8 7 18 13 12 14 5 17 0 18 4 8 4 7 17 0 10 7 15 0 15 18 18 0
8 18 5 10 11 13 4 13 19 0 15 17 4 16 2 6 4 8 8 7 19 6 13 17 1 1 9 6 10 2 5 16 11 14 13 16 13 20 12 3 15 7 4 17 12 15
18 13 18 16 5 13 7 6 15 19 3 9 6 11 14 15 10 14 5 10 10 9 12 18 5 14 20 2 2 0 3 12 18 7 17 8 19 12 10 9 19
0 9 20 13 12 10 8 8 2 2 5 11 8 19 14 13 18 10 5 17 4 16 9 16 10 5 18 17 16 20 6 4 7 15 6 12 2
15 9 1 1 2 17 20 20 2 8 2 5 19 6 10 7 15 8 16 8 1 16 14 2 4 1 12 17 18 17 10 16 2 6 0 9 15 3
11 15 7 6 11 11 1 6 16 2 4 9 14 11 11 7 8 16 5 14 17 17 3 5 0 16 7 14 19 15 7 5 2 19 12 12 8 0 9 17 5 6
