E0
6 2 1 8 9 0 4 2 + 1 2 2 + 8 6 + 9 10 5 6 1 2 2 9 5 6 1 6 4 2 2 2 8 2 5 7 6 2 2 2 2 2 3 9 5
0 2 9 2 9 2 9 6 3 10 5 2 + 7 2 + 9 10 2 1 5 2 0 6
+ 3 2 3 1 6 3 6 4 2 1 4 0 1 2 7 2 7 4 2 5 3 1 0 1 9 6 3 4 3 2 9 4 3 1 + 1
5 2 2 7 8 9 7 2 1 5 2 8 6 5 0 2 3 2 + 2 7 2 9 8 1 0 6 0 10 6 2 + 1 4 2 1 2 7 2 1 4 10 1 1 1
5 1 5 10 + 2 8 5 3 2 4 9 6 2 2 6 2 2 1 2 2 6 + 5 6 0 5

Final
4 + 4 10 6 10 + 10 6 8 + 8 8 0 3 + 0 3 4 + 4
2 6 1 6 7 1 + 6 0 + 0 1 4 10 + 10 2 4 10 + 10 0 0 + 0 9 + 0 8 1 5 2 6 7 8 0 5 1 3 7 + 0
7 5 3 + 4 0 6 1 6 5 10 2 + 2 0 3 3 + 0 + 0 1 3 9 9 + 0 + 0 7 + 0 7 8 7 + 8 8 + 8 0 1 5 + 0 7 10 + 10 2
10 2 7 8 7 8 0 6 1 + 6 8 + 8 + 8 0 + 0 2 5 9 1 + 2 4 7 + 4 8 6
1 7 9 + 10 + 10 4 + 4 9 10 + 10 3 10 3 + 10 5 + 10 6 6 9 9 + 6 9 + 6 + 6 + 6 + 6 6 0 6 6 9
