# Training Data Samples for: step_back
# 6 sample sequences (decoded from train_sequences)
# Format: space-separated tokens, one sequence per line

10 9 3 10 6 9 3 9 6 7 8 9 6 8 4 9 6 10 9 9 6 1 6 5 7 5 9 5 9 5 9 5 4 8 9 5 9
9 7 9 0 9 7 9 0 1 1 8 9 1 1 4 8 9 1 9 8 3 1 0 9 3 3 9 9 3 9 9 9 3 9 9 9 3 9 9 9 3 6 5 2 0 4 3 6 9 4 9 6 0 9 9 6 9 9 9 6 9 9 9 6 9 9 9 6 9 9 9 6
9 9 9 1 0 9 9 1 4 9 9 1 9 9 9 1 7 5 1 9 7 3 3 10 5 0 9 10 9 0 9 10 3 9 9 10 5 9 9 10 9 9 9 10 0 10 1 6 4 8 9 6 9 8 9 6 2 9 9 6 8 2 9 6 9 2 8 0 9 2 4 9
4 8 5 4 8 9 5 3 9 9 5 9 9 9 5 6 10 9 5 9 10 3 0 7 9 3 9 7 0 10 6 9 0 9 6 8 3 9 6 9 3 9 6 5 9 9 6 2 7 3 9 2 9 3 8
3 6 1 10 10 3 9 10 7 0 1 9 7 9 1 9 7 5 9 9 7 7 6 9 7 9 6 7 7 9 6 2 4 9 6 9 4 9 6 6 2 9 6 9 2 9 6 1 9 9 6 3 7 9 6 9 7 9 6 9 7 9 6 9 7 1 8
9 9 8 1 9 9 8 9 9 9 8 10 9 9 8 6 8 4 9 6 5 5 9 6 9 5 9 6 9 5 9 6 6 7 9 6 0 1 10 2 9 1 7 9 9 1 1 1 9 1 1 9 9 1 10 9 9 1 9 9 9 1 7 6 9 1 9 6 9 1 6
