18 9 1 18 17 7 20 17 17 8 15 3 6 19 19 16 19 15 2 15 9 2 3 5 2 19 3 18 7 19 0 11 15 0 7 15 8 11
17 12 11 13 0 1 9 20 1 1 10 17 19 8 19 5 18 15 5 10 13 7 20 19 15 14 17 13 10 5 15 18 15 19 2 3 17 16 3 17 0 11 5 16 7 19 10 1 13 6 15 15 10 3 17 10 11 17
4 0 8 12 10 18 18 18 0 0 12 20 2 10 4 2 6 2 12 20 14 4 2 18 20 16 0 18 4 10 4 2 10 18 20 4 2 2 8 10 0 12 10 16 0 14
14 2 4 4 14 8 20 4 16 4 4 0 0 4 6 0 16 8 16 2 16 2 4 8 16 18 6 10 14 2 10 14 2 4 8 16 18 6
10 13 9 12 15 19 4 5 1 20 19 15 20 11 3 18 11 5 6 19 5 20 11 9 2 11 13 4 7 1 4 7 11 12
16 2 16 4 4 2 20 0 6 6 0 14 4 0 6 14 20 12 14 0 10 18 2 0 20 8 8 12 8 6 0 12 2 20 8 18 8 14 2
14 8 2 10 6 8 2 0 16 8 8 10 14 4 0 4 8 8 14 14 0 4 20 6 14 0 8 14 8 2 6 10 20 16 0 0 10 16 6 10 10 2 0 18 2 12 2 4 12 8 0 16 16 10 14 12
19 19 2 9 17 2 9 9 0 1 5 8 11 11 16 1 5 4 17 9 14 5 1 16 11 9 8 13 11 8 5 7 18
20 4 18 10 12 12 4 4 6 12 4 2 12 12 2 14 10 16 18 20 16 0 20 12 6 2 12 14 4 18 14 0 18
13 9 8 7 5 2 9 5 10 19 11 20 13 13 12 3 17 6 1 1 6 1 15 18 15 3 12 7 9 0 7 19 10 17 17 18 13 11 18 11 3 6 3 7 6 13 9 14 15 13 10 3 1 6 1 11 4
