# Training Data Samples for: parity_based
# 50 sample sequences (original integer values before encoding)
# Format: space-separated integers, one sequence per line

10 9 5 20 1 9 14 9 5 6 19 11 4 1 1 20 9 11 6 1 7 4 1 5 0 19 3 12 17 15 6 11 3 8 15 1 20 1 9 4 17 19 0 17 3 12
5 19 8 19 5 8 9 19 12 19 5 10 1 9 2 3 5 12 1 5 10 9 19 20 3 3 0 1 15 8 7 5 8 19 13 0 1 11 6 15 7
2 10 10 12 18 12 16 0 6 20 2 2 6 20 0 6 18 10 14 8 0 2 8 14 0 12 12 14 2 10 14 6 20 6 10 4 4 4 2 18 4
7 1 20 1 13 10 17 9 14 9 19 10 9 13 20 13 11 18 17 7 20 3 1 12 3 17 4 5 15 16 19 1 20 15 9 10 5 19 10 3 1 0 19 1 8 5 7 14 13 11 16 19 5 8
11 11 10 17 9 0 19 17 8 15 11 12 11 1 0 13 17 0 1 17 4 13 3 12 5 15 18 7 15 8 3 15 14 19 13 20 17 13 18 11 5 14 15 7 0 13 11 2 9 7 16 13 9
20 4 0 16 14 12 4 14 2 2 18 6 14 0 0 12 2 16 2 4 8 16 10 8 14 2 10 6 6 14 18 12 0 18 20 0 8 10 2 8 6 2 20 20 12 0 16 16 4
1 19 6 5 17 2 17 7 20 13 11 2 13 3 16 17 9 10 17 15 4 1 17 14 13 9 14 1 9 12 3 17 2 7 13 0 13 19 4 9 3 4 17 1 4 9 11 8 3 1 14 15 11 8 19 9 4
11 20 17 19 20 19 5 12 1 5 2 7 15 10 15 13 18 7 17 12 9 11 18 11 7 14 15 3 6 15 1 2 5 9 10 9 19 6 5 17 0 1 5 12 1 7 2 1 17 4 17 5 14 1 19 2
11 1 16 3 13 8 5 17 10 7 3 16 7 9 0 15 11 20 19 15 8 7 15 14 1 11 8 13 11 4 13 7 0 17 3 12 9 5 8 15 19 16
13 20 17 19 16 5 3 8 17 19 20 19 7 2 11 1 0 9 19 8 15 3 8 13 17 2 19 13 20 19 11 4 1 19 20 19 1 6 9 5 2 7 17 4 19 5 18 9 7 8
0 3 5 4 15 3 18 17 9 8 13 3 18 5 11 12 15 11 18 11 9 8 5 9 12 5 17 8 13 1 0 3 17 6 1 13 2 17 5 18 5 15 0 9 3 18 1 19 18 5 3 0 9 17
7 3 16 1 5 2 1 15 0 7 5 20 15 17 12 5 9 16 13 5 12 9 7 10 13 3 10 9 19 14 17 9 8 3 7 4 1 11 0 9 3 18 11 9 12 19 7 12 5 11 2 15 3 2 9 17 20 9 13 18 7
8 5 3 6 11 3 18 9 11 4 17 17 6 7 3 4 3 15 8 13 19 2 7 17 4 11 5 6 5 3 8 5 1 8 1 5 0 15 3
16 0 16 12 0 0 6 10 8 20 6 4 8 4 12 14 4 12 16 8 20 2 0 12 6 14 12 6 12 16 20 0 14 0 0 20 10 0
3 1 14 7 5 10 15 11 18 13 5 4 3 15 12 15 11 10 3 3 10 19 11 2 17 11 12 1 1 18 17 1 4 17 15
11 19 8 5 7 6 5 9 12 3 19 12 13 13 4 15 9 10 15 17 10 15 19 20 7 7 4 15 5 14 9 3 14 19 9 18 11 1 10 7 5 20 19 5 14 13 17 4 13 15 2 5 11 2 19 13 6
17 20 9 7 16 13 7 8 17 15 2 15 5 16 7 1 8 17 1 18 13 13 16 9 7 18 5 9 4 17 3 16 5 9 2 3 7 4 5 1 18 19 19 16 9 15 12 5 1 10 3 17 10 19 11 6 3 17 4 1 9 18 15 5
19 5 20 13 17 12 17 3 6 5 5 4 13 19 18 9 15 20 5 15 6 15 19 8 19 3 2 5 3 2 19 7 12 19 3 18 11 3 6 9
6 7 19 8 17 13 6 9 19 18 7 3 10 1 11 10 19 19 6 7 17 12 13 7 20 3 7 6 1 19 6 3 17 8 7 3 14 5 15 2 11 1 12 17 15 4 17 7
5 8 17 9 0 9 1 6 5 7 10 11 1 2 1 5 16 15 15 18 7 3 8 7 15 20 13 17 18 3 11 2 11 17 6 1 19
9 10 19 15 8 7 7 20 7 9 6 17 19 14 1 1 6 17 17 8 9 5 8 19 19 4 5 17 6 3 5 14 9
17 1 2 17 9 4 17 17 20 5 5 20 19 5 2 17 5 6 13 11 6 3 5 4 5 17 10 1 13 18 15 5 0 3 11 6 17 11 0 9 13 18 13 13 14
5 19 20 11 9 18 11 19 20 13 17 16 7 3 10 15 9 12 15 17 4 13 15 8 1 3 10 9 19 20 7 17 20 13 1 4 3 13 20 7 15 20 7 19
5 4 13 17 16 1 3 12 13 5 20 7 3 6 7 13 4 15 13 0 3 11 8 9 19 12 11 11 14 7 7 16 13 7 18 9 15 18
19 16 19 17 6 13 13 4 1 1 6 13 13 6 17 7 4 7 17 12 5 9 8 13 1 0 11 1 12 9 17 12 15 11 18 7 13 0 7 3 14 3 5 8 7 17 0 19 1 4 19 13 18 19 19 6 15 9 10 5 9 12 17
4 11 9 6 17 1 16 17 5 10 1 5 6 13 13 6 15 1 6 5 9 4 9 3 18 5 7 0 15 9 10 1 7 6 13 9 14 7 19 20 9 11 2 7 5 10 1 9 2 17 9 2 5 7 0 7 15
10 12 12 14 14 0 12 20 20 20 8 4 6 2 10 18 6 10 2 0 2 6 4 18 10 16 12 6 20 12 0 4 18 20 4 12 0 0 0 10 6 4 6 16 18 14 4 4 8 10 2 4 18 6 18 20 16 6 14 8 12 8
1 4 13 11 4 13 17 8 3 17 18 11 7 14 17 7 20 15 15 8 9 11 2 11 1 8 7 13 20 11 7 18 13 19 14 1 9 20 17 15 16 9 17 12 3 13 18 15 13 6 3 17 18 13 9 8 19 19 8 13 15 18 7 9
16 8 6 0 12 6 10 18 8 6 2 18 6 6 12 16 12 14 2 8 18 6 14 14 16 8 0 6 0 4 4 14 18 12 16 4
7 4 17 5 10 5 15 14 9 9 16 7 19 4 11 19 0 17 5 14 19 1 4 15 1 18 3 15 12 5 19 2 1 9 16 11 11 10 17 9 14 7 11 14 15 9 8 1 7 2 11 1 10
10 20 12 18 6 0 10 16 12 6 12 4 10 18 6 6 18 14 10 14 12 10 8 12 0 8 8 12 12 18 0 16 14 18 4 0 2 20 12 18 18 6 10 8
17 9 16 3 1 20 5 19 6 13 17 6 11 7 8 15 15 14 11 17 0 15 5 18 17 7 12 5 17 10 17 19 10 13 7 6 19 1 10 9 9 18 11 13
15 12 13 19 20 3 15 10 13 5 8 9 19 18 15 19 14 3 1 2 17 15 8 3 1 14 15 5 6 13 5 10 13 15 2 11 9 12 7 13 4 11 17 14 5 11 18 17 15 20
12 0 8 6 18 16 8 0 8 20 14 8 0 0 2 16 18 14 14 10 0 2 14 10 10 0 0 16 4 18 4 0 20 6 12 12 20 18
0 10 6 20 20 0 0 12 10 2 14 20 10 18 8 8 6 8 18 16 8 2 18 14 6 0 0 20 12 4 2 2 20 14 14 20 16 12 18 4 20 18 2 4 2 10 4 8 14 20 10
0 7 13 12 3 3 6 5 9 6 11 1 0 5 19 18 7 3 6 17 7 2 1 9 2 9 17 0 9 13 0 1 13 8
20 8 2 2 6 10 4 16 8 0 20 4 16 16 14 2 2 18 10 8 18 16 14 14 16 20 4 6 6 2 20 8 0 8 12 12 10 4 16 18 8 2 0 14 2 20 2 10 10 16 2 6 18 12
16 18 18 4 16 2 16 18 18 16 6 20 10 2 8 14 2 14 8 20 10 12 0 16 4 10 14 16 18 4 16 8 0 0 16 8 18 2 2 4 8 18 20 2
19 2 3 9 6 11 19 14 9 3 8 19 7 12 15 9 0 1 1 18 11 1 20 17 11 4 1 11 4 17 9 10 19 19 18 3 1 14 9 3 18 11 15 6 17
16 17 1 4 11 19 14 5 5 8 13 3 20 3 1 14 17 1 16 5 9 12 13 13 12 7 13 0 9 1 10 15 5 10
15 17 4 9 1 0 5 11 4 17 5 16 5 11 10 17 13 0 15 17 2 17 3 14 15 9 18 13 1 2 15 1 6 15 9 12 19 7 4 1 15 10 17 1 14 9 9 14 1 13 6 7 13 18 7 5 18 3 7 0 15 13
5 20 1 9 6 5 19 12 5 7 16 13 9 0 9 3 16 11 17 16 19 15 12 3 1 8 17 5 14 1 3 2 7 3 4 3 9 18 15 7 16 15 5 2 5 5 20 17 7 4 1 5 12
14 14 20 8 16 4 4 2 20 16 0 10 18 18 8 14 16 14 0 2 18 0 18 14 8 14 0 8 2 18 10 2 0 12 18 8 16 18 8 4 12 20 6 6 20 10 8 0 0 12 8 14 14 20 8 12 8 12 20 16 4 2 14 8
3 18 15 7 18 13 19 0 11 5 16 13 1 8 19 7 12 5 15 14 19 11 10 1 1 2 11 15 4 17 9 6 7 17 16 17 11 14 7 7 18 3 15 2 19 19
17 10 1 7 2 13 9 0 19 15 8 7 19 2 1 7 4 15 15 12 1 19 12 3 1 18 13 9 0 3 3 18 17 7 0 1 19 2 1 3 0 19 19 18 5 17 10 5 11 2 19 13 4 7 13 8 17 15 2 19 5 18 9 15
20 13 11 12 5 17 6 5 19 6 11 1 4 19 13 18 13 19 2 1 9 0 9 11 10 15 11 20 3 11 4 3 7 14 17 15 12 11 13 10
2 2 20 18 4 2 0 16 8 16 14 2 14 16 0 4 14 10 6 14 20 20 6 8 4 16 12 18 6 0 18 16 14 20 2 6 8 16 6 14 0 12 18 4
2 9 13 12 5 7 18 11 3 4 17 13 2 3 17 14 15 17 20 9 15 2 5 19 2 3 3 0 19 19 6 13 15 2 11 9 20 5 15 18 7 7 12 9 7 6 7 5 6 15
2 16 20 8 4 4 14 4 18 4 6 14 6 4 10 16 6 8 8 8 6 12 2 18 0 14 10 20 8 0 12 12 0 10 10 0 10 4 16 18 6 18 18 4 2 20 14 8 20 4 8 4 12
13 7 2 3 5 0 9 19 8 13 11 0 13 3 0 11 3 16 9 1 2 5 11 14 3 19 0 19 19 8 19 13 16 13 15 6 15 7 16 13 3 16 19 5 4 3 11 16 17 15 4 11 15
