E0
3 1 7 0 1 7 4 7 6 8 8 0 9 2 8 7 8 5 7 9 9 7 7 3 2 2 1 6 1 4 9 0 10 8 2
4 2 3 2 0 7 9 2 1 7 9 9 3 5 3 0 1 2 7 6 2 0 3 7 9 5 2 7 5 9 4 9 8 5 2 4 7 0 4 6 8 5 4
6 1 8 2 0 3 10 5 8 8 1 2 7 7 9 7 8 7 2 0 7 9 3 6 5 1 4 10 5 2 2 10 7 7 4 5 6 1 6 7 1 2 1 1 8 2 0 9 4
5 10 10 4 9 7 0 9 7 7 1 10 2 1 10 1 0 7 9 9 2 3 0 6 1 5 10 9 3 2 1 4 7 2 1 4 6 4
8 2 9 3 1 10 4 2 4 2 2 4 5 2 5 7 3 7 7 3 2 8 7 4 10 7 7 1 7 9 6 2 4 7 1 2 0 10

Final
6 8 8 0 7 0 7 0 4 10 10 7 10 8 7 8 7 8 4 5 7 5 8 1 10 4 8 7 8 5 4 7 4 5 2 9 9 5 4 7 4 1 6 7
6 3 7 3 7 3 7 3 5 3 7 3 10 1 0 7 0 10 4 7 4 1 8 5 4 10 7 10 9 0 9 7 9 2 7 2 10 0 0 1 7 1 5 7 5 5 10 7 10 6 7 6 5 0 7 0 7 0
1 7 1 10 4 5 7 5 1 6 7 6 7 6 7 6 7 6 1 1 8 5 7 5 7 5 7 5 4 6 7 6 7 6 0 1 9 5 3 5 7 5 7 5 4 9 7 9 7 9 7 9 6 7 6 9 5 10 7 10 7 10 5 3 7 3 7 3 10 7 10 7 10
2 1 7 1 7 1 3 7 3 0 3 7 3 5 0 9 6 7 6 2 7 2 5 4 2 5 7 5 7 5 7 5 4 7 4 7 4 7 4 8 4 8 1 2 6 7 6 2 4 4 5 10 3 9 9 7 9 0 0 7 0 5 8 1 3 0 10 1 7 1 5 7 5 7 5 7
3 8 1 7 1 7 1 5 7 5 10 7 10 9 5 3 10 4 3 3 10 7 10 0 0 7 0 0 7 0 6 8 10 7 10 9 3 5 6 2 2 7 2 9 7 9 4 4 5 3 6 4 0 5 0 0 0 10 7 10 10 7 10 8 6 7 6 8
