# Training Data Samples for: lucky7
# 6 sample sequences (decoded from train_sequences)
# Format: space-separated tokens, one sequence per line

0 2 6 8 0 7 0 7 0 7 0 2 6 9 5 2 9 7 9 10 9 7 9 7 9 8 7 8 4 10 7 10 6 7 6 7 6 7 6 7 6 1 7 1 10 8 4 0 3 8 6 5 9 0 10 9 10 7 10 4 4 7 4 0 10 8 7 8 7
3 7 3 7 3 7 3 2 2 9 7 9 8 8 6 8 7 8 4 2 7 2 10 0 1 10 10 9 2 10 7 10 7 10 7 10 7 10 7 10 8 1 9 10 0 7 0 7 0 1 7 1 0 7 0 0 7 0 3 7 3 7
8 10 0 7 0 7 0 8 9 7 9 3 7 3 7 3 10 7 10 10 7 10 3 2 7 2 1 3 8 7 8 0 7 0 7 0 2 7 2 1 7 1 1 7 1 0 1 7 1 6 5 7 5 8 10 4 7 4 6 7 6 10 7 10 7 10 10 3 7 3 0 6 9 2 7
4 5 7 5 4 7 4 0 2 9 4 9 7 9 1 1 7 1 9 5 10 5 1 7 1 0 3 7 3 3 3 7 3 6 8 4 7 4 7 4 7 4 10
9 6 7 6 3 7 3 3 7 3 4 7 4 8 7 8 2 0 7 0 4 7 4 10 8 8 7 8 6 7 6 7 6 8 9 2 8 8
5 8 3 10 4 1 5 7 5 5 1 1 6 6 2 2 7 2 7 2 7 2 6 2 7 2 8 4 7 4 8 0 10 5 2 2 4 0 9 3 8 7 8 0 4 3 0 7 0 7 0 7 0 4 7 4 6 7 6 6 10 6 6 1 7 1 2
