20 16 14 5 1 + 14 10 14 15 9 10 12 + 12 19 18 + 18 15 7 1 4 10 + 10 + 10 6 12 + 12 11 0 +
7 10 13 + 12 3 + 10 7 9 0 20 + 16 + 2 + 2 18 0 18 11 18 3
6 13 + 6 + 6 10 15 17 14 2 13 4 4 + 4 + 4 12 20 12 18 + 18
7 17 20 3 18 14 4 14 18 11 16 0 1 1 10 10 6 + 6 1 + 6 8 7 9 16 4 20 + 2 14 20 9 + 20 + 20 9 13 4 7 11 11
16 4 6 + 6 20 + 16 14 + 8 + 14 8 16 1 11 1 11 6 2 5 + 20 + 20 + 20 13 6 + 6 19 + 6 2 + 20 +
13 + 16 + 8 + 14 13 10 1 4 + 10 17 6 5 + 18 9 4 19 13 +
6 7 11 15 + 18 3 6 9 12 + 2 3 9 14 12 10 + 10 + 10 13 3 + 4 15 18 19 + 18 + 6 5 8 1 8 13 + 16 18 + 18 7 5 + 18 + 18
17 2 19 10 15 6 15 0 0 16 + 16 6 8 2 10 + 4 6 17 2 + 2 + 2 + 20 + 20 16 9 + 16 19 10
+ 19 7 + 20 12 + 12 1 3 16 + 16 + 8 + 14 + 14 9 3 7 2 12 + 2 12 + 12 + 12 +
4 16 18 15 14 + 0 8 + 8 20 + 2 19 0 + 18 + 18 +
