# Training Data Samples for: plus_last_even
# 50 sample sequences (original integer values before encoding)
# Format: space-separated integers, one sequence per line

15 3 + 12 + 12 13 8 4 2 + 2 + 2 10 14 15 3 + 14 20 11 15 + 20 5 10 + 10 9 12 + 12 13 5 10 6 + 6 + 6 8 13 0 12 + 12 14 1 17
11 7 10 11 9 7 9 20 11 4 16 17 20 + 20 + 20 9 + 20 + 20 12 5 10 + 10 + 10 20 16 13 4 7 10 + 10 5 20 12 + 12 8 2
5 14 15 + 14 18 12 12 5 19 2 0 11 + 0 5 8 5 9 0 + 0 2 7 + 2 15 + 2 12 19 9 + 12 17
2 10 + 10 + 10 20 20 6 3 + 6 5 18 9 + 18 + 18 12 19 + 12 18 + 18 +
15 + 4 20 12 17 16 + 16 + 16 15 + 16 12 + 12 0 6 15 + 6 4 11 4 8 0 7 + 0 4 13 +
15 16 10 0 + 0 12 19 + 12 + 12 6 + 6 + 6 13 + 6 + 6 +
0 13 8 + 8 3 17 18 7 2 + 2 + 2 5 7 + 2 10 + 10 + 10 + 10 10 19 13 17 19 + 10 0 5 + 0 1
2 + 2 3 + 2 9 4 18 7 + 18 6 1 20 13 15 19 7 0 1 14 + 14 3 7 + 14 19 12 + 12 + 12 + 12 12 11 3 20 18 19 19 15 2 12
13 + 0 + 0 + 0 9 20 18 12 11 + 12 20 + 20 12 + 12 4 8 2 + 2 11 + 2 2 13 + 2 5 18 13 12 4 19 9 + 4
6 20 + 20 13 3 + 20 13 4 0 4 + 4 + 4 16 17 2 16 3 20 + 20 10 17 +
1 15 10 + 10 5 + 10 13 + 10 20 20 + 20 2 9 12 6 15 + 6 9 + 6 19 + 6 0 + 0 10 + 10 7 + 10 0 5 19 1
16 8 8 0 11 0 + 0 + 0 13 2 17 11 6 4 5 + 4 + 4 11 10 14 18 4 4 7 8 20 14
6 + 6 18 7 9 20 14 + 14 5 + 14 + 14 9 1 2 2 + 2 4 8 20 12 6 + 6 + 6 + 6 + 6 + 6 19 0
12 0 2 1 17 13 4 18 14 10 15 4 + 4 + 4 15 + 4 2 1 11 7 19 2 16 0
8 17 + 8 4 2 + 2 3 7 16 + 16 14 16 0 2 13 3 7 18 + 18 + 18 2 15 18 6 1 17 19 11 12 11 + 12 + 12 3 15 20 2 19 + 2 10
3 18 + 18 + 18 16 9 17 17 13 18 5 + 18 4 5 16 17 0 1 + 0 12 + 12 14 9 4
10 7 10 + 10 16 15 3 17 18 4 + 4 3 16 + 16 20 17 + 20 14 11
7 + 4 + 4 11 + 4 2 0 + 0 20 16 + 16 6 4 + 4 7 + 4 + 4 10 8 2 3 0 0 18 18 5 18 + 18 12 13 + 12 12 + 12 6 16 + 16
4 4 15 + 4 + 4 15 0 + 0 11 + 0 + 0 8 + 8 15 + 8 19 0 16 + 16 + 16 14 9 19 9 1 6 + 6 20 17 9 14 7 + 14 19 + 14
7 11 18 12 + 12 + 12 8 5 + 8 12 9 12 + 12 1 11 16 19 16 + 16 + 16 11 8 4 11 13 7 4 +
9 3 0 + 0 17 + 0 14 + 14 12 + 12 3 + 12 + 12 13 15 11 9 + 12 8 2 20 20 20 2 + 2 11 12 + 12 + 12 18 + 18 17 + 18 7 18
3 6 + 6 8 12 + 12 8 15 4 17 4 6 + 6 + 6 10 5 5 + 10 1 16 15 16 + 16 3 14 14 20 0 10 12 4 11 11 15 16 18 12 +
16 + 16 + 16 8 12 12 + 12 3 2 6 13 + 6 + 6 6 5 7 9 10 10 4 + 4 7 20 14 17 + 14 20 19 20 7 17 16 + 16 6 18 1 + 18 14 + 14 13
9 1 7 2 11 + 2 + 2 + 2 + 2 18 1 16 17 19 9 8 + 8 + 8 + 8 19 13 3 19 15 5 12 + 12 2 14 6 2 + 2 + 2 +
9 0 16 + 16 + 16 3 + 16 + 16 1 4 1 + 4 0 9 + 0 13 19 13 14 +
14 19 9 3 + 14 0 6 2 + 2 + 2 9 + 2 0 13 10 12 + 12 6 17 16 13
0 15 2 + 2 18 8 7 6 6 12 0 4 + 4 + 4 18 2 19 + 2 13 9 + 2 16 7
1 3 7 0 + 0 17 8 12 13 13 8 + 8 4 + 4 0 17 12 16 + 16 + 16 3 + 16 16 + 16
2 0 18 5 + 18 11 + 18 10 1 + 10 7 20 + 20 5 + 20 18 + 18 11 13 + 18 5 14 + 14 7 + 14 16 + 16 13 13 9 + 16 3 1 12 4 10 14 17
1 16 + 16 18 11 + 18 + 18 + 18 + 18 4 1 + 4 + 4 4 9 11 12 + 12 1 20 11 + 20 3 8 + 8 4 8 16 18 15 15 15
19 6 20 11 9 + 20 7 11 16 18 6 + 6 14 20 + 20 14 19 + 14 2 4 7 + 4 18
19 9 11 + 4 + 4 5 13 13 13 + 4 10 + 10 16 3 0 3 4 18 19 20 + 20 + 20 + 20 4 + 4 18 13 11 17 12 9 1 17
13 9 1 19 15 12 19 19 8 16 4 4 9 + 4 14 + 14 5 + 14 + 14 14 + 14 3 + 14 19 12 17 13 2 + 2
20 1 15 12 0 + 0 15 11 0 15 10 13 17 4 10 + 10 14 12 6 5 + 6 5 + 6 6 + 6 + 6 + 6 8
20 15 + 20 13 16 18 15 7 5 + 18 13 1 12 13 10 14 13 1 14 8 20 0 18 3 12 3 19 10 2 +
11 4 + 4 12 19 + 12 13 18 + 18 + 18 6 + 6 3 6 + 6 8 + 8 1 0 + 0 + 0 17 16 17 + 16 4 + 4 + 4 16 3 8 3 + 8 11
4 18 9 + 18 0 1 0 17 6 + 6 + 6 + 6 1 0 7 6 + 6 8
11 16 10 9 9 + 10 3 3 13 + 10 10 + 10 8 + 8 + 8 + 8 6 0 + 0 +
2 + 2 12 12 20 15 19 18 7 3 17 + 18 9 15 3 11 6 1 17 4 6 7 + 6 + 6 + 6 + 6 14 7 11 20 1 8 4
3 9 14 12 + 12 18 8 16 + 16 18 15 14 11 2 + 2 12 + 12 + 12 3 6 14 + 14
16 + 16 15 4 12 + 12 6 + 6 1 16 17 + 16 + 16 11 + 16 + 16 4 11 12 13 + 12 5 19 + 12 8 5 1 4 10 + 10 8 + 8 1 11 19 + 8 19 16
5 + 4 + 4 10 4 + 4 3 16 + 16 10 12 + 12 7 0 + 0 18 7 16 16 5 13
3 9 6 10 20 5 7 2 2 20 9 18 + 18 + 18 15 + 18 + 18 8
20 + 20 5 + 20 17 15 + 20 + 20 + 20 11 0 17 + 0 + 0 + 0 3 2 13 12 12 17 3 9 + 12 + 12 3 + 12 2 + 2 + 2
14 14 14 4 10 7 8 7 2 2 2 8 + 8 6 + 6 6 2 18 18 12 16 9 3 + 16 14
7 15 + 14 15 8 8 10 0 4 15 1 0 0 5 7 + 0 18 + 18 7 5 + 18 + 18 + 18 + 18 17 1 + 18 17 17 2 4 7 16 1 + 16 1 +
11 + 18 12 16 5 + 16 20 16 + 16 19 17 5 + 16 13 14 + 14 13 + 14 13 16 17 8 + 8 + 8 8 + 8 + 8 20 12
20 10 4 16 13 0 17 12 0 + 0 20 1 4 18 2 16 17 1 9 18 12 19 14 + 14 + 14 20 17 13 7 17 + 20 4 + 4 + 4 17 11
5 1 10 19 + 10 + 10 + 10 20 10 + 10 11 5 13 18 + 18 2 10 + 10 + 10 + 10 + 10 + 10 1 9 + 10 + 10 + 10 13 13 9 17 18 17 6 20
9 8 16 17 19 10 16 8 14 16 + 16 20 15 + 20 + 20 6 5 11 9 13 16 3 14 + 14 13 12 + 12 4 10
